Var1	D_glucose	acetate	ethanol	glycerol	D_glucitol	D_galactose	D_ribose	D_xylose
YDL174C	0	0	0	0	0	0	0	0
YEL039C	0	0	0	0	0	0	0	0
YJR048W	0	0	0	0	0	0	0	0
YEL071W	0	0	0	0	0	0	0	0
YDL178W	0	0	0	0	0	0	0	0
YAL060W	0	0	0	0	0	0	0	0
YML054C	0	0	0	0	0	0	0	0
YGR032W	0	0	0	0	0	0	0	0
YMR306W	0.011839008	0.005537195	0.007501419	0.008760673	0.010858636	0.00935554	0.009931723	0.002903722
YLR342W	0	0	0	0	0	0	0	0
YCR034W	0	0	0	0	0	0	0	0
YIL020C	0	0	0	0	0	0	0	0
YHR037W	0	0.003015335	0.001544615	0	0	0	0	0.008140497
YEL038W	0	0	0	0	0	0	0	0
YMR009W	0	0	0	0	0	0	0	0
YOL066C	0.000640786	0.000249776	0.000371651	0.000449784	0.000579957	0.000486694	0.000522445	8.64e-05
YBR153W	0.044400027	0.020911044	0.028232282	0.032925935	0.040745797	0.035143209	0.037290847	0.01109544
YCL009C	0	0	0	0	0	0	0	0
YMR108W	0.00395735	0	0.001081126	0.001546597	0.003250953	0.002037828	0.002434962	0
YNL256W	0	0	0	0	0	0	0	0
YER152C	0	0	0	0	0	0	0	0
YGL202W	0	0.000374846	0	8.21e-05	0	0	0	0
YJL060W	0	0	0	0	0	0	0	0
YHR063C	0	0	0	0	0	0	0	0
YDR035W	0	0	0	0	0	0	0	0
YBR249C	0	0	0	0	0	0	0	0
YDR204W	0	0	0	0	0	0	0	0
YGL119W	0	0	0	0	0	0	0	0
YGR255C	0	0	0	0	0	0	0	0
YLR201C	0	0	0	0	0	0	0	0
YML110C	0	0	0	0	0	0	0	0
YOL096C	0	0	0	0	0	0	0	0
YOR125C	0	0	0	0	0	0	0	0
YGL009C	0.003981626	0.000145722	0.001332831	0.001838437	0.00334961	0.002277145	0.002634253	0
YNL104C	0.00099388	0	0	0.000419504	0.000824499	0.000537078	0.000632783	0
YOR108W	0	0	0.000277216	0	0	0	0	0
YHR208W	0	0	0	0	0	0	0	0
YJR148W	0	0	0	0	0	0	0	0
YHR137W	0	0.000447338	0	0.000140456	0	0	0	0
YDR234W	0.012311165	0.000296928	0.00401516	0.005568147	0.010327818	0.006950927	0.008069996	0
YPR001W	0	0	0	0	0	0	0	0
YOL064C	0.000243064	0.000101063	0.00017112	0	0	0	0	7.13e-06
YGL248W	0	0	0	0	0	0	0	0
YOR360C	0	0	0	0	0	0	0	0
YDR487C	0	0	0	0	0	0	0	0
YDR127W	0	0	0	0	0	0	0	0
YBR265W	0	0	0	0	0	0	0	0
YPL252C	0	0	0	0	0	0	0	0
YDR376W	0	0	0	0	0	0	0	0
YDR538W	0	0	0	0	0	0	0	0
YDR539W	0	0	0	0	0	0	0	0
YLR231C	0	0	0	0	0	0	0	0
YKR009C	0	0	0	0	0	0	0	0
YJR025C	0	0	0	0	0	0	0	0
YER175C	0	0	0	0	0	0	0	0
YCL018W	0.000849105	0	0.000233178	0.000350748	0.000702142	0.000452761	0.0005358	0
YGR087C	0	0	0	0	0	0	0	0
YLR044C	0.036038449	0	0	0.001496523	0.015763288	0.000721278	0.000389038	3.03e-05
YLR134W	0	0	0	0	0	0	0	0
YBR176W	0	0	0	0	0	0	0	0
YDL080C	0	0	0	0	0	0	0	0.00029818
YNR033W	0	0	0	0	0	0	0	0
YMR289W	0	0	0	0	0	0	0	0
YGR019W	0	0.001997346	0	0.00639831	0	0	0	0
YCR053W	0	0	0	0	0	0	0	0
YLR410W	0	0	0	0	0	0	0	0
YOR163W	0	0	0	0	0	0	0	0
YDR017C	0	0	0	0	0	0	0	0
YLR017W	0	0	0	0	0	0	0	0
YER037W	0	0	0	0	0	0	0	0
YGL224C	0	0	0	0	0	0	0	0
YOR155C	0	0	0	0	0	0	0	0
YGR061C	0.003019226	0.0013728	0.001885979	0.002214975	0.002763093	0.002370391	0.002520926	0.000684768
YGL125W	0	0	0	0	0	0	0	0
YPL023C	0	0	0	0	0	0	0	0
YDR232W	0	0	0	0	0	0	0	0
YER183C	0	0	0	0	0	0	0	0
YER091C	0.000470469	0	0	0	0.000179502	0	0	0
YJR024C	0	0	0	0	0	0	0	0
YPR118W	0	0	0	0	0	0	0	0
YIL107C	0	0	0	0	0	0	0	0
YOL136C	0	0	0	0	0	0	0	0
YGR248W	0	0	0	0	0	0	0	0
YHR163W	0.006431786	0	0	0	0.005774072	0.00583303	0.004746611	5.79e-05
YLR355C	0.004368417	0	0.000207621	0.000328852	0.003197645	0.001122464	0.001771717	0
YIL160C	0	0	0	0	0	0	0	0
YPL028W	0	0	0	0	0	0	0	0
YMR207C	0	0	0	0	0	0	0	0
YDL141W	0	0	0	0	0	0	0	0
YNR016C	0.009077907	0.004233503	0.005743466	0.006711495	0.008324265	0.007168788	0.007611718	0.002209064
YBL015W	0	0	0	0	0	0	0	0
YAL054C	0	0	0	0	0	0	0	0
YLR153C	0.001433765	0.019560341	0.010984035	0.00424818	0.001269017	0.002043851	0.001097853	3.19e-05
YER069W	0.000720003	0	0	0	0.00025748	0	0	0
YBR093C	0	0	0	0	0	0	0	0
YAR071W	0	0	0	0	0	0	0	0
YBR092C	0	0	0	0	0	0	0	0
YHR215W	0	0	0	0	0	0	0	0
YPR002W	0	0	0	0	0	0	0	0
YOL140W	0.00090221	0	0	0	0.000336917	0	0	0
YPL148C	0	0	0	0	0	0	0	0
YGL205W	0	0	0	0	0	0	0	0
YCR048W	0	0	0	0	0	0	0	0
YNR019W	0	0	0	0	0	0	0	0
YJL091C	0	0	0	0	0	0	0	0
YNL141W	0	0	0	0	0	0	0	0
YDR441C	0	0	0	0	0	0	0	0
YML022W	0	0	0	0	0	0	0	0
YJR105W	0.000102184	0	2.87e-05	5.01e-05	8.56e-05	6.01e-05	6.99e-05	0
YML035C	0	0	0	0	0	0	0	0
YER043C	0.008714581	0.004061953	0.005512141	0.006441849	0.007990773	0.006881039	0.007306434	0.002117656
YOL052C	0	0	0	0	0	0	0	0
YNR058W	0	0	0	0	0	0	0	0
YJL005W	0	0	0	0	0	0	0	0
YDL166C	0.003151123	0.008512049	0.00574492	0.003459358	0.002822084	0.002768177	0.002543728	0.000645491
YDR226W	0	0	0	0	0	0	0	0
YER170W	0	0	0	0	0	0	0	0
YLR359W	0.001058124	0.000446827	0.000637362	0.000759513	0.00096302	0.000817216	0.000873107	0.000191372
YNL220W	0.000366926	0.000120465	0.000197284	0.000246531	0.00032858	0.000269796	0.000292329	1.75e-05
YKL001C	0.000405195	0.000196084	0.000299251	0	0	0	0	5.78e-05
YGR247W	0	0	0	0	0	0	0	0
YFL030W	0	0.003224204	0	0.001162064	0	0.000157604	0	0.000154848
YOR335C	0.000480581	0.000174133	0.000269651	0.000330887	0.000432907	0.000359814	0.000387833	4.61e-05
YGR177C	0	0	0	0	0	0	0	0
YOR377W	0	0	0	0	0	0	0	0
YMR303C	0	0	0.010922344	0	0	0	0	0
YDR368W	0	0	0	0	0	0	0	0
YHR104W	0	0	0	0	0	0	0	0.216531867
YGL256W	0	0	0	0	0	0	0	0
YMR083W	0	0	0	0	0	0	0	0
YBR145W	0	0	0	0	0	0	0	0
YDL168W	0	0	0	0	0	0	0	0
YOL086C	0.003340349	0	0	0	0.001385897	0	0	0
YCR105W	0	0	0	0	0	0	0	0
YMR318C	0	0	0	0	0	0	0	0
YMR110C	0	0	0	0	0	0	0	0
YMR169C	0	0	0	0	0	0	0	0
YMR170C	0	0	0	0	0	0	0	0
YPL061W	0.003035699	3.64e-05	0.006715464	0	0.00269888	0	0.002348945	0.000169586
YOR374W	0	0	0.004520404	0.002492204	0	0.001178076	0	0
YER073W	0	0	0.010016699	0.005575794	0	0.002698423	0	0
YDR481C	0	0	0	0	0	0	0	0
YIR029W	0	0	0	0	0	0	0	0
YIR027C	0	0	0	0	0	0	0	0
YBR208C	0	0	0	0	0	0	0	0
YBR199W	0	0	0	0	0	0	0	0
YBR205W	0	0	0	0	0	0	0	0
YDR483W	0	0	0	0	0	0	0	0
YJL139C	0	0	0	0	0	0	0	0
YKR061W	0	0	0	0	0	0	0	0
YNL029C	0	0	0	0	0	0	0	0
YOR099W	0	0	0	0	0	0	0	0
YPL053C	0	0	0	0	0	0	0	0
YPR026W	0	0	0	0	0	0	0	0
YBR001C	0	0	0	0	0	0	0	0
YDR001C	0	0	0	0	0	0	0	0
YBR126C	1.05e-06	0	0	0	0	0	0	0
YDR074W	8.53e-05	0	1.8e-05	3.75e-05	7.01e-05	4.68e-05	5.57e-05	0
YML100W	0	0	0	0	0	0	0	0
YMR261C	0.000113874	0	3.62e-05	5.87e-05	9.63e-05	6.94e-05	7.97e-05	0
YBR299W	0	0	0	0	0	0	0	0
YGR287C	0	0	0	0	0	0	0	0
YGR292W	0	0	0	0	0	0	0	0
YIL172C	0	0	0	0	0	0	0	0
YJL216C	0	0	0	0	0	0	0	0
YJL221C	0	0	0	0	0	0	0	0
YDR242W	0	0	0	0	0	0	0	0
YMR293C	0	0	0	0	0	0	0	0
YDR354W	0	0	0	0	0	0	0	0
YER090W	0	0	0	0	0	0	0	0
YKL211C	0	0	0	0	0	0	0	0
YDR305C	0	0	0	0	0	0	0	0
YPL111W	0	0	0	0	0	0	0	0.012660471
YHR018C	0	0	0	0	0	0	0	0
YOL058W	0	0.00010436	1.37e-05	0	0	0	0	0
YDR341C	0.000761191	0.000306627	0.000448312	0.000539144	0.000690475	0.000582053	0.000623615	0.000116668
YHR091C	0	0	0	0	0	0	0	0
YGR124W	0	0	0	0	0	0	0	0
YPR145W	0	0	0	0	0	0	0	0
YHR019C	0.000764241	0.000308068	0.000450254	0.000541408	0.000693274	0.000584469	0.000626178	0.000117435
YCR024C	0	0	0	0	0	0	0	0
YJL130C	0	0	0	0	0	0	0	0
YER052C	0	0	0	0	0	0	0	0
YLR027C	0	0.000272751	0.000411142	0	0	0	0	0
YKL106W	0	0.000130946	0.000232895	0	0	0	0	0
YDR158W	0	0	0	0	0	0	0	0
YLL018C	0.00379125	0.001737324	0.002377518	0.002787942	0.003471722	0.002981825	0.003169618	0.000879001
YPL104W	0	0	0	0	0	0	0	0
YDR530C	0	0	0	0	0	0	0	0
YCL050C	0	0	0	0	0	0	0	0
YER055C	0	0	0	0	0	0	0	0
Q0080	0	0.003114526	0.003659371	0.002820075	0.001853781	0.002239425	0.002001234	0.000802797
Q0085	0	0.015964433	0.018689273	0.014494411	0.009664882	0.011592322	0.010401839	0.004412098
Q0130	0	0.042742668	0.05000454	0.038817879	0.025939134	0.031078944	0.027904297	0.011931861
YBL099W	0	0.009856429	0.011544001	0.008944402	0.005951471	0.007145936	0.006408178	0.002696235
YBR039W	0	0.018865605	0.022080221	0.017128282	0.011427154	0.013702443	0.012297109	0.005226391
YDL004W	0	0.009297169	0.010889948	0.008436372	0.005611558	0.006738928	0.006042611	0.00253917
YDR298C	0	0.012496138	0.014631135	0.011342301	0.007555864	0.009067013	0.008133654	0.003437581
YDR322C-A	0	0.005904431	0.006922152	0.005354419	0.003549473	0.004269819	0.0038249	0.001586334
YDR377W	0	0.006145542	0.00720413	0.005573444	0.003696019	0.004445291	0.003982506	0.001654049
YJR121W	0	0.009208436	0.010786175	0.008355768	0.005557626	0.006674352	0.005984609	0.00251425
YKL016C	0	0.010837159	0.012690962	0.009835293	0.006547551	0.007859673	0.007049244	0.002971667
YLR295C	0	0.007700151	0.00902224	0.006985647	0.004640901	0.005576679	0.004998698	0.002090655
YML081C-A	0	0.003592372	0.00421821	0.00325415	0.002144214	0.002587185	0.002313586	0.000936999
YPL078C	0	0.014765782	0.01728548	0.013404032	0.00893533	0.010718767	0.009617229	0.004074993
YPL271W	0	0.003622634	0.004253601	0.003281639	0.002162607	0.002609208	0.002333367	0.000945498
YPR020W	0	0.007032164	0.008243003	0.006380381	0.004235927	0.005091769	0.004563161	0.001903527
YOL077W-A	0	0.004059453	0.004764458	0.003678445	0.002428104	0.00292711	0.002618901	0.001068177
YCR024C-A	0	0	0	0	0	0	0	0
YEL017C-A	0	0	0	0	0	0	0	0
YGL008C	0	0	0	0	0	0	0	0
YPL036W	0	0	0	0	0	0	0	0
YER005W	0	0	0	0	0	0	0	0
YBR110W	0	0	0	0	0	0	0	0
YGR286C	0	0	0	0	0	0	0	0
YNL280C	0.029062774	0.013669548	0.018467461	0.021543395	0.026668034	0.022996458	0.024403883	0.007236936
YMR015C	0	0	0	0	0	0	0	0
YGL001C	0	0	0	0	0	0	0	0
YLR100W	0.003960155	0.001817076	0.002485058	0.002913297	0.003626758	0.003115596	0.00331154	0.000921496
YGR060W	0	0	0	0	0	0	0	0
YLR056W	0	0	0	0	0	0	0	0
YMR202W	0	0	0	0	0	0	0	0
YGL012W	0.002926917	0.001329214	0.001827207	0.002146467	0.002678364	0.002297284	0.002443363	0.000661544
YDL090C	0	0	0	0	0	0	0	0
YKL019W	0	0	0	0	0	0	0	0
YJR109C	0	0	0	0	0	0	0	0
YOR303W	0	0	0	0	0	0	0	0
YAR035W	0	0.003843568	0.00114912	0.000526091	0	0	0	0
YER024W	0	0	0	0	0	0	0	0
YML042W	0	0.00385078	0.001151405	0.000527236	0	0	0	0
YGR088W	0	0	0	0	0	0	0	0
YDR256C	0	0	0	0	0	0	0	0
YDR297W	0	0	0	0	0	0	0	0
YMR272C	0	0	0	0	0	0	0	0
YHL003C	0	0	0	0	0	0	0	0
YMR298W	0	0	0	0	0	0	0	0
YKL008C	0	0	0	0	0	0	0	0
YLR307W	0	0	0	0	0	0	0	0
YLR308W	0	0	0	0	0	0	0	0
YBR023C	0	0	0	0	0	0	0	0
YBR038W	0	0	0	0	0	0	0	0
YNL192W	0	0	0	0	0	0	0	0
YLR133W	0	0	0	0	0	0	0	0
YGR202C	0	0	0	0	0	0	0	0
YPR060C	0	0	0	0	0	0	0	0
YGL148W	0	0	0	0	0	0	0	0
YLR304C	0.000452175	0.015626737	0.004779362	0.007209294	0.000394629	0.001455077	0.000218997	0.00042588
YBR002C	0	0	0	0	0	0	0	0
YMR101C	0	0	0	0	0	0	0	0
YNR001C	7.5e-05	0.004884521	0.001446506	0.002216671	5.68e-05	0.00039288	1.11e-06	6.67e-05
YCR005C	0	0	0	0	0	0	0	0
YDR044W	0	0	0	0	0	0	0	0
YBL039C	0	0	0	0	0	0	0	0
YJR103W	0.000120363	4.05e-06	4.03e-05	6.35e-05	0.000102268	7.45e-05	8.52e-05	0
YFR055W	0	0	0	0	0	0	0	0
YGL184C	0	0	0	0	0	0	0	0
YGR155W	0	0	0	0.000131378	0.000156473	0.000146911	0.000161957	0
YAL012W	0	0	0	0	0	0	0	0
YJR130C	0	0	0	0	0	0	0	0
YLR303W	0	0	0	0	0	0	0	0
YNL247W	0	0	0	0	0	0	0	0
YLR245C	0	0	0	0	0	0	0	0
YNR012W	0	0	0	0	0	0	0	0
YHR007C	0.000566236	0.000214576	0.000324186	0.000394456	0.000511528	0.000427651	0.000459804	6.76e-05
YHR042W	0.000742356	0.000297734	0.00043632	0.000525166	0.000673187	0.000567137	0.000607789	0.000111929
YPR062W	0	0	0	0	0	0	0	0
YML086C	0	0	0	0	0	0	0	0
YMR041C	0	0	0	0	0	0	0	0
YBR149W	0	0	0	0	0	0	0	0
YKL060C	0	0.001374546	0.001888334	0.002217721	0	0	0	0
YDL246C	0	0	0	0	0.005380398	0	0	0
YJR159W	0	0	0	0	0	0	0	0
YHR144C	0	0	0	0	0	0	0	0
YDR454C	0	0	0	0	0	0	0	0
YHR068W	0	0	0	0	0	0	0	0
YCR036W	0	0	0	0	0	0	0.07291313	0
YDR196C	0	0	0	0	0	0	0	0
YNR057C	0	0	0	0	0	0	0	0
YPL087W	0	0	0	0	0	0	0	0
YOR236W	0	0	0	0	0	0	0	0
YMR113W	0	0	0	0	0	0	0	0
YDL100C	0	0	0	0	0	0	0	0
YLR420W	0.001719094	0.000758919	0.001058199	0.001250065	0.00156972	0.001340702	0.001428492	0.000357667
YJR016C	0.001093272	0	0.000219034	0.000344762	0.000874312	0.000496441	0.000619284	0
YFL053W	0	0	0	0	0	0	0	0
YML070W	0	0	0	0	0	0	0	0
YJL167W	0.005391934	0.002493114	0.003396655	0.003975909	0.004940966	0.004249547	0.004514589	0.001281716
YKL152C	0	0	0	0	0	0	0	0
YLR172C	0	0	0	0	0	0	0	0
YMR013C	0	0	0	0	0	0	0	0
YPR183W	0.000212061	4.73e-05	9.87e-05	0.0001316	0.000186436	0.000147149	0.000162209	0
YAL023C	0	0	0	0	0	0	0	0
YDL095W	0	0	0	0	0	0	0	0
YDL093W	0.000771319	0.00031141	0.00045476	0.000546661	0.000699771	0.000590075	0.000632125	0.000119216
YJR143C	0	0	0	0	0	0	0	0
YOR321W	0	0	0	0	0	0	0	0
YJR057W	0	0	0	0	0	0	0	0
YJR069C	0	0	0	0	0	0	0	0
YBR252W	0	0	0	0	0	0	0	0
YJR153W	0	0	0	0	0	0	0	0
YPL281C	0	0	0	0	0	0	0	0
YGR254W	0.017984563	0.000406208	0.00058259	0.001607907	0.008119966	0.006293579	0.006055517	0
YHR174W	0	0	0	0	0	0	0	0
YMR323W	0	0	0	0	0	0	0	0
YOR393W	0	0	0	0	0	0	0	0
YDR147W	0	0	0	0	0	0	0	0
YOR126C	0	0	0	0	0	0	0	0
YDR261C	0	0	0	0	0	0	0	0
YGR282C	0	0	0	0	0	0	0	0
YLR300W	0	0	0	0	0	0	0	0
YNR067C	0	0	0	0	0	0	0	0
YOR190W	0	0	0	0	0	0	0	0
YPL069C	0	0	0	0	0	0	0	0
YER015W	0	0	0	0	0	0	0	0
YOR176W	0	0	0	0	0	0	0	0
YKR066C	0	0	0	0	0	0	0	0
Q0045	0.001138815	0.007994288	0.009797122	0.008088825	0.005008711	0.006413528	0.005433833	0.002153619
Q0250	0.00050188	0.003832609	0.004708512	0.003878541	0.002382071	0.003064601	0.002588617	0.000994925
Q0275	0.000539647	0.004079371	0.005010235	0.004128186	0.002537815	0.003263172	0.002757322	0.001063629
YDL067C	4.67e-05	0.000858563	0.001072061	0.000869759	0.000504999	0.000671364	0.000555344	0.000166886
YGL187C	0.000261176	0.002259872	0.002785481	0.002287435	0.001389437	0.001799008	0.001513381	0.000557041
YGL191W	0.00021648	0.001966147	0.002428397	0.001991986	0.001205117	0.001564002	0.001313722	0.000475731
YHR051W	0.000265368	0.002287267	0.002818978	0.00231515	0.001406728	0.001821053	0.00153211	0.000564669
YIL111W	0.000262316	0.002267319	0.002794587	0.00229497	0.001394138	0.001805001	0.001518473	0.000559115
YLR038C	0.00010622	0.001247412	0.001547518	0.00126315	0.000750422	0.000984274	0.00082119	0.00027515
YLR395C	0.000275307	0.002352202	0.002898376	0.002380844	0.001447712	0.001873307	0.001576505	0.000582748
YMR256C	4.61e-05	0.000854319	0.001066872	0.000865465	0.00050232	0.000667948	0.000552443	0.000165704
YHR116W	0	0	0	0	0	0	0	0
YDR231C	0	0	0	0	0	0	0	0
YGR062C	0	0	0	0	0	0	0	0
YJL003W	0	0	0	0	0	0	0	0
YPL132W	0	0	0	0	0	0	0	0
YLL018C-A	0	0	0	0	0	0	0	0
Q0105	0.002799419	0.018843008	0.023064275	0.019065933	0.011856882	0.015144869	0.012851873	0.005174545
YBL045C	0.003235887	0.021696618	0.026551426	0.021951154	0.013656846	0.017439807	0.01480162	0.005968555
YDR529C	0.000867324	0.006220384	0.007628116	0.006294204	0.003889114	0.004986059	0.004221069	0.00165973
YEL024W	0.00145179	0.010039255	0.012297567	0.010157673	0.006299385	0.008059121	0.00683191	0.002722975
YFR033C	0.001046122	0.007388638	0.009056575	0.007476101	0.004626456	0.005926158	0.005019768	0.001984995
YGR183C	0.000396538	0.00314431	0.003866909	0.003182204	0.001947651	0.002510722	0.002118047	0.000803288
YHR001W-A	0.000470699	0.003628875	0.0044594	0.003672428	0.002253484	0.002900655	0.00244933	0.000938201
YJL166W	0.000628872	0.004662356	0.005723069	0.00471798	0.002905766	0.003732304	0.003155892	0.001225944
YOR065W	0.002161738	0.014676363	0.017969573	0.014850636	0.009227137	0.01179197	0.010003294	0.004014492
YPR191W	0.002588355	0.017465587	0.021377991	0.017670723	0.01098647	0.014035102	0.01190903	0.004790583
YDL045C	0	0	0	0	0	0	0	0
YLR011W	0	0	0	0	0	0	0	0
YOR388C	0	0.013859546	0	0.004481625	0	0.000136402	0	0.004971753
YGR204W	0	0.003580794	0.000360157	0.001067193	0	0	0	0.001240912
YBR084W	0	0	0	0	0	0	0	0
YLR345W	0	0	0	0	0	0	0	0
YJL155C	0	0	0	0	0	0	0	0
YLR377C	0	0.00056399	0.000795349	0.000943672	0	0	0	0
YPL262W	0	0.000591895	0.00011704	0.000218364	0	0	0	0
YKL216W	0.000358173	0.000116335	0.000191715	0.00024004	0.000320551	0.000262868	0.00028498	1.53e-05
YEL047C	0	0.000139439	2.64e-05	0.040337928	0	0	0	0.00053335
YLR299W	0	0	0	0	0	0	0	0
YBR020W	0	0	0	0	0	0.047054431	0	0
YBR018C	0	0	0	0	0	0.021265804	0	0
YJL101C	0	0	0	0	0	0	0	0
YPR184W	0	0	0	0	0	0	0	0
YIL099W	0	0	0	0	0	0.000121585	0	0
YNL241C	0.000113692	0	0	0	9.22e-05	9.41e-05	5.86e-05	0
YBR196C	0.00380066	0	0	1.2e-05	0.000227686	0.001213328	0.00018288	0
YDR300C	5.89e-05	0	0	0	0	0	0	0
YMR250W	0	0.000579313	0	0.002004742	0	0	0	0
YDL215C	0	0	0	0	0	0	0	0
YAL062W	0	0	0	0	0	0	0	0
YOR375C	0.002227045	0.009159068	0.000433763	0.004135992	0.00186838	0.001471281	0.001360884	0.000908584
YDL171C	0	0	0	0	0	0	0	0
YOR323C	0	0	0	0	0	0	0	0
YFL060C	0	0	0	0	0	0	0	0
YNL334C	0	0	0	0	0	0	0	0
YPR035W	0.000191199	0	1.87e-05	4.98e-05	0.000141862	7.31e-05	9.27e-05	0
YMR084W	0	0	0	0	0	0	0	0
YKL104C	0	0	0	0	0	0	0	0
YOR168W	0.004132418	0.001898412	0.002594736	0.003041144	0.003784875	0.003252026	0.003456284	0.000964836
YGL245W	0.024118733	0.011335191	0.015319699	0.017874157	0.022129988	0.019080875	0.020249692	0.005993108
YOL033W	0	0	0	0	0	0	0	0
YCL035C	0	0	0	0	0	0	0	0
YPL091W	0	0	0	0	0	0	0	0
YDR098C	0	0	0	0	0	0	0	0
YDR513W	0	0	0	0	0	0	0	0
YER174C	0	0	0	0	0	0	0	0
YPL059W	0	0	0	0	0	0	0	0
YNL229C	0	0	0	0	0	0	0	0
YBR244W	0	0	0	0	0	0	0	0
YIR037W	0	0	0	0	0	0	0	0
YKL026C	0	0	0	0	0	0	0	0
YOL049W	0	0	0	0	0	0	0	0
YGR192C	0	0	0	0	0	0	0	0
YJL052W	0.109875362	0.002965774	0.004034008	0.010243793	0.050176807	0.038622567	0.037603212	0.001635217
YJR009C	0	0	0	0	0	0	0	0
YOR120W	0	0	0	0	0	0	0	0
YHL032C	0	0	0	0.000487911	0	0	0	0
YER062C	0	0	0	0	0	0	0	0
YIL053W	0	0	0	0	0	0	0	0
YIL155C	0	0	0	0.026525058	0	0	0	0
YDL022W	0	0	0	0	0	0	0	0
YOL059W	0	0	0	0	0	0	0	0
YPL110C	0	0	0	0	0	0	0	0
YDR408C	0.000233176	5.73e-05	0.00011213	0.000147271	0.000205818	0.000163872	0.000179951	0
YAL044C	0	1.91e-05	0	0	0	0	0	0
YDR019C	0	0.000181905	0	0	0	0	0	0
YFL018C	0.001106833	0.000289423	0	0.003301334	0.000975037	0.001113317	0.000762007	0.00044912
YMR189W	0	0.000625548	0	0.000154228	0	0	0	6.43e-05
YLR058C	0.000720031	0.036277224	0.000280601	0.011580877	0.000618051	0.00048534	0.000521008	0.013171543
YBR263W	0	0.035290634	0.000317715	0.011706087	0	0.000959999	0	0.007918604
YDR148C	0	0	0	0	0	0	0	0
YIL125W	0	0	0	0	0	0	0	0
YFR015C	0	0	0	0	0	0	0	0
YJL137C	0	0	0	0	0	0.000382455	0	0
YKR058W	0	0	0	0	0	0	0	0
YLR258W	0	0	0	0	0	0.000767293	0	0
YPR160W	0	0	0	0	0	0	0	0
YBR121C	0	0	0	0	0	0	0	0
YPR081C	0.001689641	0.000745012	0.001039447	0.001228207	0.001542686	0.001317376	0.001403744	0.000350257
YMR217W	0.007102839	0.003300945	0.004485967	0.005245677	0.00651138	0.005604561	0.005952173	0.001712161
YMR281W	0	0	0	0	0	0	0	0
YCL052C	0	0	0	0	0	0	0	0
YJR013W	0	0	0	0	0	0	0	0
YKL165C	0	0	0	0	0	0	0	0
YBR004C	0	0	0	0	0	0	0	0
YGL142C	0	0	0	0	0	0	0	0
YDR302W	0	0	0	0	0	0	0	0
YLL031C	0	0	0	0	0	0	0	0
YGR267C	0	0	0	0	0	0	0	0
YBL033C	0	0	0	0	0	0	0	0
YDL238C	0	0	0	0	0	0	0	0
YDR399W	0	0	0	0	0	0	0	0
YER141W	0	0	0	0	0	0	0	0
YPL172C	0	0	0	0	0	0	0	0
YLR446W	0	0	0	0	0	0	0	0
YFR053C	0	0	0	0	0.004442428	0	0	0
YGL253W	0	0	0	0	0	0	0	0
YCL040W	0	0	0	0	0	0	0	0
YCL030C	0	0	0	0	0	0	0	0
YFR025C	0	0	0	0	0	0	0	0
YIL116W	0	0	0	0	0	0	0	0
YPR033C	3.71e-05	0	0	1.76e-06	2.58e-05	8.59e-06	1.52e-05	0
YBR034C	0	0	0	0	0	0	0	0
YJL200C	0	0	0	0	0	0	0	0
YDL131W	0.01615895	0.000422193	0.005290952	0.007325406	0.013560705	0.009136884	0.010602896	0
YDL182W	0	0	0	0	0	0	0	0
YLL062C	0	0	0	0	0	0	0	0
YPL273W	0	0	0	0	0	0	0	0
YIL094C	0.000386564	0	6.13e-05	0.000122214	0.00030881	0.000176424	0.000220295	0
YJR139C	0.000170204	0	0	0	0	0	0	0
YHR025W	5.04e-05	0	0	0	0	0	0	0
YNL277W	0	0	0	0	0	0	0	0
YDR453C	0	0	0	0	0	0	0	0
YGR209C	0.000208565	8.08e-05	0.000143856	0	0	0	0	0
YLR043C	0	0	0	0	0	0	0	0
YBL064C	0	0	0	0	0	0	0	0
YCR083W	0	0	0	0	0	0	0	0
YLR109W	0	0	0	0	0	0	0	0
YDR272W	0	0	0	0	0	0	0	0
YOR040W	0	0	0	0	0	0	0	0
YNR041C	0	0	0	0	0	0	0	0
YPL214C	0	0	0	0	0	0	0	0
YDL205C	0	0	0	0	0	0	0	0
YLR450W	0.000456028	0.000162539	0.000254017	0.000312664	0.00041037	0.000340368	0.000367202	3.99e-05
YML075C	0.000459595	0.000164223	0.000256289	0.000315311	0.000413644	0.000343193	0.000370199	4.08e-05
YML126C	0.029573186	0.013910542	0.018792429	0.021922199	0.027136532	0.023400694	0.024832753	0.007365345
YOL055C	0	0	0	0	0	0	0	0
YPL258C	0	0	0	0	0	0	0	0
YPR121W	0	0	0	0	0	0	0	0
YBR248C	0	0	0	0	0	0	0	0
YOR202W	0	0	0	0	0	0	0	0
YHR216W	0	0	0	0	0	0	0	0
YLR432W	0	0	0	0	0	0	0	0
YML056C	0.001114071	0.000473247	0.000672987	0.00080104	0.001014379	0.000861531	0.000920122	0.000205449
YBR011C	0	0	0	0	0	0	0	0
YMR267W	0	0.002649459	0.00187105	0	0.000870132	0	0.00079484	0.000207978
YLR028C	0.001039603	0.000438085	0.000625574	0.000745772	0.000946025	0.000802553	0.00085755	0.000186714
YMR120C	0.001511119	0.00066072	0.000925783	0.001095714	0.001378823	0.001175988	0.001253741	0.000305343
YDR315C	0	0	0	0	0	0	0	0
YDR173C	0	0	0	0	0	0	0	0
YER019W	0	0	0	0	0	0	0	0
YNL037C	0	0	0	0	0	0	0	0
YOR136W	0	0	0	0	0	0	0	0
YLR174W	0.000270135	0.000259226	0	0.00150034	0	3.68e-05	0	0.000129752
YNL009W	0	0	0	0	0	0	0	0
YER065C	0	0.060182992	0.01915894	0.019430891	0.000230689	0.005260889	0.000143839	0.00366647
YBL076C	0.000306694	9.2e-05	0.000158938	0.000201834	0.000273299	0.000222097	0.000241725	2.32e-06
YPL040C	0	0	0	0	0	0	0	0
YPL117C	0	0	0	0	0	0	0	0
YGR244C	0	0	0	0	0	0	0	0
YOR142W	0	0	0	0	0	0	0	0
YBL098W	0	0	0	0	0	0	0	0
YLR089C	0	0	0	0	0	0	0	0
YEL046C	0	0	0	0	0	0	0	0
YMR226C	0	0	0	0	0	0	0	0
YBR115C	0.00066903	0	0.000154989	0.000251216	0.000546138	0.000336897	0.000406238	0
YGL154C	5.19e-05	0	0	0	2.76e-05	0	0	0
YDR321W	0	0	0	0	0	0	0	0
YLR155C	0	0.001277259	0.001035477	0.001047831	0	0.000922724	0	0.001319126
YLR157C	0	0.001277259	0.001035477	0.001047831	0	0.000922724	0	0.001319126
YLR158C	0	0.001277259	0.001035477	0.001047831	0	0.000922724	0	0.001319126
YLR160C	0	0.001277259	0.001035477	0.001047831	0	0.000922724	0	0.001319126
YER023W	0	0	0	0	0	0	0	0
YOL151W	0	0	0	0	0	0	0	0
YCL064C	0	0	0	0	0	0	0	0
YER086W	0	0	0	0	0	0	0	0
YJR078W	0	0	0	0	0	0	0	0
YML004C	0	0	0	0	0	0	0	0
YHR072W	0.000663807	0.000260646	0.000386309	0.00046687	0.000601088	0.000504927	0.000541788	9.22e-05
YPL160W	0.001253813	0.000539228	0.000761959	0.000904751	0.001142646	0.000972205	0.00103754	0.000240607
YLR382C	0	0	0	0	0	0	0	0
YNL045W	0	0	0	0	0	0	0	0
YDR037W	0.00048721	0.000177262	0.000273871	0.000335806	0.000438992	0.000365064	0.000393403	4.77e-05
YNL073W	0	0	0	0	0	0	0	0
YKL085W	0	0.002850609	0.001357535	0.001082022	0	0.000191927	0	0
YOL126C	0	0	0	0	0	0	0	0
YDL078C	0	0	0	0	0	0	0	0
YIR031C	0	0.007255946	0.011790655	0.000479408	0	0.000925001	0	0
YNL117W	0	0.007612138	0.012366432	0.000507464	0	0.000974634	0	0
YKL029C	0.000181882	0	4.08e-05	0	0	0	0	0.000238755
YKL192C	0	0	0	0	0	0	0	0
YOR221C	0	0	0	0	0	0	0	0
YDL055C	4.72e-05	0	0	9.23e-06	3.51e-05	1.66e-05	2.37e-05	0
YER003C	0.000149046	1.76e-05	5.86e-05	8.48e-05	0.000128596	9.72e-05	0.000109261	0
YDR502C	0	0	0	0	0	0	0	0
YLR180W	0.010067665	0.004700831	0.006373631	0.007446054	0.009232748	0.007952662	0.008443358	0.002458075
YBL013W	0	0	0	0	0	0	0	0
YGR264C	0.014518218	0.006802217	0.00920723	0.010749073	0.01331784	0.011477434	0.012182918	0.003577774
YGR171C	0	0	0	0	0	0	0	0
YKR080W	0	0	0	0	0	0	0	0
YPR006C	0	0	0	0	0	0	0	0
YMR208W	0.000395297	0.000133864	0.000215351	0.000267591	0.000354626	0.00029227	0.000316173	2.46e-05
YNR043W	0.001915262	0.000851541	0.001183094	0.00139565	0.001749775	0.001496061	0.001593317	0.00040702
YBR036C	0	0	0	0	0	0	0	0
YBR161W	0	0	0	0	0	0	0	0
YPL057C	0	0	0	0	0	0	0	0
YDR287W	0.000479152	0.000173458	0.00026874	0.000329826	0.000431595	0.000358682	0.000386632	4.57e-05
YHR046C	0	0	0	0	0	0	0	0
YJL153C	0.001622111	0.000713127	0.000996451	0.001178088	0.001480701	0.001263893	0.001347002	0.000333267
YFL017C	0	0	0	0	0	0	0	0
YJL071W	0	0	0	0	0	0	0	0
YMR062C	0	0	0	0	0	0	0	0
YDR428C	0	0	0	0	0	0	0	0
YDR402C	0	0	0	0	0	0	0	0
YDR403W	0	0	0	0	0	0	0	0
YGL067W	0	0	0	0	0	0	0	0
YEL041W	0	0	0	0	0	0	0	0
YJR049C	0	0	0	0	0	0	0	0
YPL188W	0	0	0	0	0	0	0	0
YDL042C	0	0	0	0	0	0	0	0
YDR191W	0	0	0	0	0	0	0	0
YOL068C	0	0	0	0	0	0	0	0
YOR025W	0	0	0	0	0	0	0	0
YPL015C	0	0	0	0	0	0	0	0
YHR074W	0	0	0	0	0	0	0	0
YDL085W	0.000548645	0.000868922	0.005577836	0.001819137	0.003349824	0.004032001	0.00371914	0.000893933
YMR145C	0	0	0	0	0	0	0	0
YML120C	0.000134241	0.00446422	0.001311067	0.003647475	0.000146467	0.00046165	9.06e-05	0.000498872
YOR209C	0	0	0	0	0	0	0	0
YGL037C	0	0	0	0	0	0	0	0
YLR285W	0	0	0	0	0	0	0	0
YCL047C	0	0	0	0	0	0	0	0
YLR328W	0	0	0	0	0	0	0	0
YGR010W	0	0	0	0	0	0	0	0
YFR047C	0	0	0	0	0	0	0	0
YEL042W	0	0	0	0	0	0	0	0
YKL067W	5.5e-05	0	0	1.5e-05	4.22e-05	0.00032232	3.02e-05	0
YAL035W	0	0	0	0	0	0	0	0
YLL001W	0	0	0	0	0	0	0	0
YLL058W	2.58e-05	0	0	1.17e-05	2.6e-05	1.92e-05	2.64e-05	0
YML082W	0	0	0	0	0	0	0	0
YJL088W	0	0	0	0	0	0	0	0
YKL184W	0	0	0	0	0	0	0	0
YLR438W	0	0	0	0	0	0	0	0
YML106W	0.000155569	2.07e-05	6.27e-05	8.97e-05	0.000134583	0.000102408	0.000114741	0
YMR271C	0	0	0	0	0	0	0	0
YEL021W	0	0	0	0	0	0	0	0
YGR277C	0	0	0	0	0	0	0	0
YDR531W	0	0	0	0	0	0	0	0
YIL145C	0	0	0	0	0	0	0	0
YJR019C	0	0	0	0	0	0	0	0
YFL022C	0	0	0	0	0	0	0	0
YLR060W	0	0	0	0	0	0	0	0
YPR047W	0	0	0	0	0	0	0	0
YDR380W	0	0	0	0	0	0	0	0
YGL234W	0.002510365	0.001132532	0.001561993	0.001837317	0.002296017	0.001967379	0.002093356	0.000556743
YEL058W	0	0	0	0	0	0	0	0
YPR167C	0.000736695	0.00039037	0.000561233	0	0	0	0	0.000161289
YKR097W	0	0.00234614	0.00319847	0	0	0	0	0
YGR007W	0	0	0	0	0	0	0	0
YMR205C	0.01287645	0	0	0	0.005791657	0.004414781	0.003270724	2.81e-05
YGR240C	0	0	0	0	0	0	0	0
YMR105C	0.000350644	0.000112777	0.000186917	0.000234447	0.000313634	0.003516046	0.000278648	1.34e-05
YKL127W	0.000183491	0	8.05e-05	0.000110397	0.000160212	0.002174808	0.000138203	0
YGR256W	0	0	0	0	0	0	0	0
YHR183W	0.003358044	0	0	0	0.00300984	0.003041051	0.002465884	0
YER081W	0	0	0	0	0	0	0	0.000105049
YIL074C	0	0	0	0	0	0	0	0.000126755
YCR012W	0.007335671	0.000107305	0.000179538	0.00059943	0.003299536	0.002518326	0.002449377	1.73e-05
YOR283W	0.002691908	0	5.38e-06	0.000163671	0.001169014	0.000887055	0.000850301	0
YFL045C	0.025571186	0.012020976	0.016244445	0.018952101	0.023463169	0.02023119	0.021470105	0.006358519
YMR220W	0.003221674	0.001468389	0.002014875	0.002365224	0.002948917	0.002530728	0.002691032	0.000735702
YIL083C	0	0	0	0	0	0	0	0
YKL088W	0	0	0	0	0	0	0	0
YKR072C	0	0	0	0	0	0	0	0
YOR054C	0	0	0	0	0	0	0	0
YMR278W	0	0	0	0	0	0	0	0
YAR015W	0	0	0	0	0	0	0	0
YOR128C	6.54e-05	0	5.33e-06	2.28e-05	5.19e-05	3.1e-05	3.9e-05	0
YDR007W	0	0	0	0	0	0	0	0
YMR300C	8.26e-06	0	0	0	0	0	0	0
YKL181W	0.015444396	0.007239523	0.009796912	0.011436444	0.014167963	0.012210952	0.012961134	0.003810787
YER099C	0.011386236	0.005323412	0.007213145	0.008424644	0.010443044	0.008996951	0.009551283	0.00278981
YHL011C	0	0	0	0	0	0	0	0
YBL068W	0	0	0	0	0	0	0	0
YOL061W	0	0	0	0	0	0	0	0
YGR208W	0	0	0	0	0	0	0	0
YOR184W	0.00610468	0	0	0	0.006858245	0	0.005870698	0.023922094
YBR183W	0	0	0	0	0	0	0	0
YDR294C	0	0	0	0	0	0	0	0
YMR020W	0	0	0	0	0	0	0	0
YGL040C	0	0	0	0	0	0	0	0
YNL316C	0	0	0	0	0	0	0	0
YBR166C	0	0	0	0	0	0	0	0
YLR142W	0	1.53e-05	0	0	0	0	0	0.000205052
YHR020W	0.003040259	0.001382731	0.001899371	0.002230585	0.002782399	0.00238705	0.002538599	0.00069006
YER014W	0	0	0	0	0	0	0	0
YDR400W	0	0	0	0	0	0	0	0
YLR209C	0	0	0	0	0	0	0	0
YBR035C	0	0	0	0	0	0	0	0
YBR218C	0.001389109	0	0	0	0.000730616	0	0.000445127	0
YGL062W	0.002970318	0	0	0	0.001612602	0	0.001023968	0
YBR221C	0.000794985	0	0	0.002333432	0.000697245	0.000788674	0.000539241	0.00024972
YER178W	0.000935521	0	0	0.002715545	0.000822434	0.000928219	0.000639619	0.000304635
YGR193C	0.000913594	0	0	0.002655926	0.000802901	0.000906446	0.000623957	0.000296067
YNL071W	0.00105786	0	0	0.00304818	0.000931412	0.001049695	0.000726999	0.00035244
YAL038W	0.020788442	0	0	0.001872701	0.009394395	0.00728484	0.007009871	0
YOR347C	0	0	0	0	0	0	0	0
YDR236C	0	0	0	0	0	0	0	0
YOL143C	0	0	0	0	0	0	0	0
YBR256C	0.002022838	0.000902337	0.001251589	0.001475493	0.001848523	0.001581264	0.001683712	0.000434086
YER070W	0	0	0	0	0	0	0	0
YGR180C	0	0	0	0	0	0	0	0
YIL066C	0	0	0	0	0	0	0	0
YJL026W	0	0	0	0	0	0	0	0
YOR095C	0.002632398	0.000101033	0.000171081	0.000215988	0.002365167	0.002332383	0.039737116	0.00168283
YNL129W	0	0	0	0	0	0	0	0
YJL121C	0.000224967	0	0	0	0.000191621	0.000199086	0.003394864	2.57e-05
YML008C	0	0	0	0	0	0	0	0
YJL068C	0	0	0	0	0	0	0	0
YIR034C	0.000355305	0	5.1e-05	0.000107938	0.000282547	0.000158666	0.000199719	0
YNR050C	0	0	0	0	0	0	0	0
YDL040C	0	0	0	0	0	0	0	0
YGR147C	0	0	0	0	0	0	0	0
YHR013C	0	0	0	0	0	0	0	0
YBR058C-A	0	0	0	0	0	0	0	0
YDR062W	0	0	0	0	0	0	0	0
YMR296C	0	0	0	0	0	0	0	0
YDR023W	0	0	0	0	0	0	0	0
YHR011W	0.003205119	0.001460569	0.002004331	0.002352933	0.002933715	0.002517611	0.002677117	0.000731535
YBR213W	0	0	0	0	0	0	0	0
YPR069C	0	0	0	0	0	0	0	0
YLR146C	0	0	0	0	0	0	0	0
YJL134W	0	0	0	0	0	0	0	0
YKR053C	0	0	0	0	0	0	0	0
YLR260W	0	0	0	0	0	0	0	0
YOR171C	0	0	0	0	0	0	0	0
YGR175C	0.026960001	0.012676713	0.017128674	0.019982816	0.024737938	0.021331105	0.022637046	0.006707919
YHR190W	0.001069356	0.000452133	0.000644517	0.000767854	0.000973335	0.000826117	0.00088255	0.000194199
YDR178W	0	0	0	0	0	0	0	0
YJL045W	0	0	0	0	0	0	0	0
YKL141W	0	0	0	0	0	0	0	0
YLL041C	0	0	0	0	0	0	0	0
YKL148C	0	0	0	0	0	0	0	0
YLR164W	0	0	0	0	0	0	0	0
YBR006W	0	0.001362715	0	0.004431996	0	0	0	0
YIL162W	0	0	0	0	0	0	0	0
YJR010W	0	0	0	0	0	0	0	0
YFR030W	0	0	0	0	0	0	0	0
YJR137C	0	0	0	0	0	0	0	0
YLL057C	0	0	0	0	0	0	0	0
YKL132C	0	0	0	0	0	0	0	0
YOR241W	0	0	0	0	0	0	0	0
YOR143C	0	0	0	0	0	0	0	0
YIL010W	0	0	0	0	0	0	0	0
YDR353W	5.93e-06	0	0	0	0	0	0	0
YHR106W	0	0	0	0	0	0	0	0
YIL078W	0.006622983	0.003074373	0.004180448	0.004889546	0.006070927	0.005224521	0.005548975	0.001591434
YKL194C	0	0	0	0	0	0	0	0
YOR074C	0	0	0	0	0	0	0	0
YBR003W	0	0	0	0	0	0	0	0
YGR043C	0	0	0	0	0	0	0	0
YLR354C	0.021416162	0	0	0	0.009513372	0.007185115	0.001808322	1.82e-05
YBR117C	0	0	0	0	0	0	0	0
YPR074C	0.00141933	0	0	1.66e-05	0.001263424	0.001298328	0.016239839	0.001078344
YDR050C	3.68e-05	0	0	0	0	0	0	0
YGL026C	0	0	0	0	0	0	0	0
YOL097C	0.00128126	0.000552188	0.000779435	0.000925121	0.001167839	0.000993943	0.001060603	0.000247513
YDR268W	0	0	0	0	0	0	0	0
YGR185C	0.001246748	0.000535892	0.000757461	0.000899507	0.001136161	0.000966609	0.001031604	0.00023883
YPL097W	0	0	0	0	0	0	0	0
YLR189C	0	0	0	0	0	0	0	0
YDL103C	0	0	0	0	0	0	0	0
YBR019C	0	0	0	0	0	0.034680158	0	0
YKL024C	0	0	0	0	0	0	0	0
YHR128W	0	0	0	0	0	0	0	0
YIR032C	0	0	0	0	0	0	0	0
YDR020C	0	0	0	0	0	0	0	0
YDR047W	0	0	0	0	0	0	0	0
YKR069W	0	0	0	0	0	0	0	0
YOR278W	0	0	0	0	0	0	0	0
YHL012W	0.000820393	0.000334581	0.000486005	0.000583082	0.000744816	0	0.000673359	0.000131563
YKL035W	0	0	0	0	0	0	0	0
YGR094W	0.000818312	0.000333598	0.00048468	0.000581538	0.000742906	0.000627293	0.000671611	0.000131039
YJR133W	0	0	0	0	0	0	0	0
YLR070C	0	0	0	0	0	0	0	0.000274878
YGR194C	0	0	0	0	0	0	0	0.176202499
YFL001W	0	0	0	0	0	0	0	0
YGL063W	0	0	0	0	0	0	0	0
YNL292W	0	0	0	0	0	0	0	0
YPL212C	0	0	0	0	0	0	0	0
YEL029C	0	0	0	0	0	0	0	0
YKR043C	0	0	0	0	0	0	0	0
YDL066W	0	0	0	0	0.000315477	0	0.000201566	0
YKL182W	0.025050829	0.011775286	0.015913145	0.018565916	0.022985543	0.019819077	0.021032879	0.006227607
YPL231W	0.022659406	0.010646159	0.014390575	0.01679111	0.020790498	0.017925116	0.019023503	0.005625968
YER061C	0	0	0	0	0	0	0	0
YKL055C	0	0	0	0	0	0	0	0
YHR067W	0	0	0	0	0	0	0	0
YBR026C	0	0	0	0	0	0	0	0
YJL196C	0	0	0	0	0	0	0	0
YLR372W	0	0	0	0	0	0	0	0
YBR159W	0	0	0	0	0	0	0	0
YJL097W	0	0	0	0	0	0	0	0
YDL015C	0	0	0	0	0	0	0	0
YGL055W	0.016124814	0.00756079	0.010230122	0.011941421	0.014792507	0.012749832	0.013532852	0.00398197
YOR317W	0	0	0	0	0	0	0	0
YMR246W	0	0	0	0	0	0	0	0
YIL009W	0	0	0	0	0	0	0	0
YLR284C	0	0	0	0	0	0	0	0
YOR180C	0	0	0	0	0	0	0	0
YNL202W	0	0	0	0	0	0	0	0
YBL011W	0	0	0	0	0	0	0	0
YKR067W	0.063920792	0.030127617	0.040660476	0.047413137	0.058663471	0.050603093	0.05369287	0.016006293
YIL124W	0	0	0	0	0	0	0	0
YOR175C	5.04e-05	0	0	1.16e-05	3.8e-05	1.91e-05	2.63e-05	0
YDL052C	0	0	0	0	0	0	0	0
YKR089C	0	0	0	0	0	0	0	0
YOR081C	0	0	0	0	0	0	0	0
YMR165C	0	0	0	0	0	0	0	0
YDR284C	0	0	0	0	0	0	0	0
YDR503C	0	0	0	0	0	0	0	0
YOR245C	0	0	0	0	0	0	0	0
YBR029C	0.000257886	6.9e-05	0.000127862	0.00016561	0.000228498	0.000183442	0.000200713	0
YER026C	0	0	0	0	0	0	0	0
YPR113W	0.000374327	0.000123962	0.000201999	0.000252028	0.000335378	0.000275662	0.000298553	1.93e-05
YBR042C	0	0	0	0	0	0	0	0
YNL169C	0.047351083	0.022304373	0.030111128	0.03511605	0.043454509	0.037480368	0.039770433	0.011837849
YGR170W	0	0	0	0	0	0	0	0
YGR157W	0	0	0	0	0	0	0	0
YJR073C	0	0	0	0	0	0	0	0
YOR311C	0	0	0	0	0	0	0	0
YHR123W	0	0	0	0	0	0	0	0
YNL130C	0	0	0	0	0	0	0	0
YCL004W	0	0	0	0	0	0	0	0
YHR100C	0	0	0	0	0	0	0	0
YDL142C	0	0	0	0	0	0	0	0
YGR110W	0	0	0	0	0	0	0	0
YPR140W	0	0	0	0	0	0	0	0
YJL100W	0	0	0	0	0	0	0	0
YLR305C	0	0	0	0	0	0	0	0
YDR373W	0	0	0	0	0	0	0	0
YNL267W	0	0	0	0	0	0	0	0
YBR097W	0	0	0	0	0	0	0	0
YLR240W	0	0	0	0	0	0	0	0
YDR208W	0	0	0	0	0	0	0	0
YFR019W	0	0	0	0	0	0	0	0
YNR008W	0	0	0	0	0	0	0	0
YML059C	0	0	0	0	0	0	0	0
YMR008C	0	0	0	0	0	0	0	0
YMR006C	0	0	0	0	0	0	0	0
YOL011W	0	0	0	0	0	0	0	0
YPL268W	0	0	0	0	0	0	0	0
YPL206C	0	0	0	0	0	0	0	0
YKR031C	0	0	0	0	0	0	0	0
YNL106C	0	0	0	0	0	0	0	0
YOR109W	0	0	0	0	0	0	0	0
YJR110W	0	0	0	0	0	0	0	0
YKL212W	0	0	0	0	0	0	0	0
YIL002C	0	0	0	0	0	0	0	0
YOL065C	0	0	0	0	0	0	0	0
YLR386W	0	0	0	0	0	0	0	0
YNL325C	0	0	0	0	0	0	0	0
YKL140W	0	0	0	0	0	0	0	0
YLL012W	0	0	0	0	0	0	0	0
YLR020C	0	0	0	0	0	0	0	0
YBR204C	0	0	0	0	0	0	0	0
YMR313C	0	0	0	0	0	0	0	0
YCR068W	0	0	0	0	0	0	0	0
YDR058C	0	0	0	0	0	0	0	0
YKL094W	0	0	0	0	0	0	0	0
YBR127C	0	0	0	0	0	0	0	0
YDL185W	0	0	0	0	0	0	0	0
YEL027W	0	0	0	0	0	0	0	0
YEL051W	0	0	0	0	0	0	0	0
YGR020C	0	0	0	0	0	0	0	0
YHR026W	0	0	0	0	0	0	0	0
YHR039C-A	0	0	0	0	0	0	0	0
YKL080W	0	0	0	0	0	0	0	0
YLR447C	0	0	0	0	0	0	0	0
YMR054W	0	0	0	0	0	0	0	0
YOR332W	0	0	0	0	0	0	0	0
YPL234C	0	0	0	0	0	0	0	0
YPR036W	0	0	0	0	0	0	0	0
YOR270C	0	0	0	0	0	0	0	0
YMR319C	0	0	0	0	0	0	0	0
YMR058W	0	0	0	0	0	0	0	0
YDR072C	0	0	0	0	0	0	0	0
YDR367W	0	0	0	0	0	0	0	0
YKL004W	0	0	0	0	0	0	0	0
YNL036W	0	0	0	0	0	0	0	0
YDR071C	0	0	0	0	0	0	0	0
YNR027W	0	0	0	0	0	0	0	0
YDL024C	0	0	0	0	0	0	0	0
YAL039C	0	0	0	0	0	0	0	0
YKL087C	0	0	0	0	0	0	0	0
YAL061W	0	0	0	0	0	0	0	0
YBL080C	0	0	0	0	0	0	0	0
YBL091C	0	0	0	0	0	0	0	0
YLR244C	0	0	0	0	0	0	0	0
YBR022W	0	0	0	0	0	0	0	0
YMR087W	0	0	0	0	0	0	0	0
YBR046C	0	0	0	0	0	0	0	0
YBR070C	0	0	0	0	0	0	0	0
YGL047W	0	0	0	0	0	0	0	0
YBR111C	0	0	0	0	0	0	0	0
YBR222C	0	0	0	0	0	0	0	0
YBR229C	0	0	0	0	0	0	0	0
YBR243C	0	0	0	0	0	0	0	0
YBR281C	0	0	0	0	0	0	0	0
YNL191W	0	0	0	0	0	0	0	0
YBR295W	0	0	0	0	0	0	0	0
YCL017C	0	0	0	0	0	0	0	0
YCR107W	0	0	0	0	0	0	0	0
YDL243C	0	0	0	0	0	0	0	0
YJR155W	0	0	0	0	0	0	0	0
YNL331C	0	0	0	0	0	0	0	0
YOL165C	0	0	0	0	0	0	0	0
YPL088W	0	0	0	0	0	0	0	0
YEL031W	0	0	0	0	0	0	0	0
YEL070W	0	0	0	0	0	0	0	0
YNR073C	0	0	0	0	0	0	0	0
YER010C	0	0	0	0	0	0	0	0
YER042W	0	0	0	0	0	0	0	0
YER087W	0	0	0	0	0	0	0	0
YER163C	0	0	0	0	0	0	0	0
YHL018W	0	0	0	0	0	0	0	0
YHR008C	0	0	0	0	0	0	0	0
YHR043C	0	0	0	0	0	0	0	0
YHR044C	0	0	0	0	0	0	0	0
YHR109W	0	0	0	0	0	0	0	0
YHR119W	0	0	0	0	0	0	0	0
YDR440W	0	0	0	0	0	0	0	0
YJL168C	0	0	0	0	0	0	0	0
YIL043C	0	0	0	0	0	0	0	0
YML125C	0	0	0	0	0	0	0	0
YKL150W	0	0	0	0	0	0	0	0
YIR036C	0	0	0	0	0	0	0	0
YIR038C	0	0	0	0	0	0	0	0
YMR251W	0	0	0	0	0	0	0	0
YKR076W	0	0	0	0	0	0	0	0
YLL060C	0	0	0	0	0	0	0	0
YKL069W	0	0	0	0	0	0	0	0
YKL103C	0	0	0	0	0	0	0	0
YKL215C	0	0	0	0	0	0	0	0
YKL218C	0	0	0	0	0	0	0	0
YGR154C	0	0	0	0	0	0	0	0
YFL061W	0	0	0	0	0	0	0	0
YNL335W	0	0	0	0	0	0	0	0
YFL059W	0	0	0	0	0	0	0	0
YNL333W	0	0	0	0	0	0	0	0
YFR044C	0	0	0	0	0	0	0	0
YDL120W	0	0	0	0	0	0	0	0
YDL219W	0	0	0	0	0	0	0	0
YDL236W	0	0	0	0	0	0	0	0
YDR009W	0	0	0	0	0	0	0	0
YDR036C	0	0	0	0	0	0	0	0
YDR038C	0	0	0	0	0	0	0	0
YDR039C	0	0	0	0	0	0	0	0
YDR040C	0	0	0	0	0	0	0	0
YDR051C	0	0	0	0	0	0	0	0
YOL075C	0	0	0	0	0	0	0	0
YDR111C	0	0	0	0	0	0	0	0
YDR248C	0	0	0	0	0	0	0	0
YDR410C	0	0	0	0	0	0	0	0
YDR437W	0	0	0	0	0	0	0	0
YGR216C	0	0	0	0	0	0	0	0
YNL038W	0	0	0	0	0	0	0	0
YPL076W	0	0	0	0	0	0	0	0
YPL175W	0	0	0	0	0	0	0	0
YPL096C-A	0	0	0	0	0	0	0	0
YDR516C	0.001685036	0	0	0	0	7.27e-05	0	0
YDR533C	0	0	0	0	0	0	0	0
YMR322C	0	0	0	0	0	0	0	0
YOR391C	0	0	0	0	0	0	0	0
YPL280W	0	0	0	0	0	0	0	0
YGL006W	0	0	0	0	0	0	0	0
YGL167C	0	0	0	0	0	0	0	0
YGL017W	0	0	0	0	0	0	0	0
YGL022W	0	0	0	0	0	0	0	0
YGL027C	0	0	0	0	0	0	0	0
YGL038C	0	0	0	0	0	0	0	0
YGL065C	0	0	0	0	0	0	0	0
YGL156W	0	0	0	0	0	0	0	0
YGL169W	0	0	0	0	0	0	0	0
YGL196W	0	0	0	0	0	0	0	0
YGR012W	0	0	0	0	0	0	0	0
YGR036C	0	0	0	0	0	0	0	0
YGR046W	0	0	0	0	0	0	0	0
YGR144W	0	0	0	0	0	0	0	0
YGR227W	0	0	0	0	0	0	0	0
YGR234W	0	0	0	0	0	0	0	0
YJL046W	0	0	0	0	0	0	0	0
YJL126W	0	0	0	0	0	0	0	0
YJR051W	0	0.001028488	0.000250042	0.001435764	0	2.3e-06	0	0
YJR104C	0	0	0	0	0	0	0	0
YJR131W	0	0	0	0	0	0	0	0
YLR057W	0	0	0	0	0	0	0	0
YJR149W	0	0	0	0	0	0	0	0
YLR047C	0	0	0	0	0	0	0	0
YKL220C	0	0	0	0	0	0	0	0
YLR214W	0	0	0	0	0	0	0	0
YNR060W	0	0	0	0	0	0	0	0
YOL152W	0	0	0	0	0	0	0	0
YOR381W	0	0	0	0	0	0	0	0
YOR384W	0	0	0	0	0	0	0	0
YLL051C	0	0	0	0	0	0	0	0
YLR099C	0	0	0	0	0	0	0	0
YPR139C	0	0	0	0	0	0	0	0
YLR143W	0	0	0	0	0	0	0	0
YLR151C	0	0	0	0	0	0	0	0
YLR239C	0	0	0	0	0	0	0	0
YMR099C	0	0	0	0	0	0	0	0
YMR162C	0	0	0	0	0	0	0	0
YMR210W	0	0	0	0	0	0	0	0
YNL048W	0	0	0	0	0	0	0	0
YNL092W	0	0	0	0	0	0	0	0
YNL219C	0	0	0	0	0	0	0	0
YNL274C	0	0	0	0	0	0	0	0
YNR030W	0	0	0	0	0	0	0	0
YOL157C	0	0	0	0	0	0	0	0
YOR002W	0	0	0	0	0	0	0	0
YOR067C	0	0	0	0	0	0	0	0
YOR149C	0	0	0	0	0	0	0	0
YOR196C	0	0	0	0	0	0	0	0
YOR251C	0	0	0	0	0	0	0	0
YOR285W	0	0	0	0	0	0	0	0
YOR286W	0	0	0	0	0	0	0	0
YPL227C	0	0	0	0	0	0	0	0
YPR127W	0	0	0	0	0	0	0	0
YDR371W	0	0	0	0	0	0	0	0
YLR286C	0	0	0	0	0	0	0	0
YHR201C	0	0	0	0	0	0	0	0
YDR452W	0	0	0	0	0	0	0	0
YDR270W	0	0	0	0	0	0	0	0
YLR351C	0	0	0	0	0	0	0	0
YEL066W	0	0	0	0	0	0	0	0
