Protein	D_glucose	acetate	ethanol	glycerol	D_glucitol	D_galactose	D_ribose	D_xylose
P32891	0	0	0	0	0	0	0	0
P00045	0	0	0	0	0	0	0	0
P00044	0	0	0	0	0	0	0	0
P39976	0	0	0	0	0	0	0	0
P46681	0	0	0	0	0	0	0	0
P39714	0	0	0	0	0	0	0	0
P00175	0	0	0	0	0	0	0	0
P40989	0	0	0	0	0	0	0	0
Q04952	0.011839008	0.005537195	0.007501419	0.008760673	0.010858636	0.00935554	0.009931723	0.002903722
P38631	0	0	0	0	0	0	0	0
P25358	0	0	0	0	0	0	0	0
P40545	0	0	0	0	0	0	0	0
P07275	0	0.003015335	0.001544615	0	0	0	0	0.008140497
P32626	0	0	0	0	0	0	0	0
Q03677	0	0	0	0	0	0	0	0
Q12362	0.000640786	0.000249776	0.000371651	0.000449784	0.000579957	0.000486694	0.000522445	8.64E-05
P33312	0.044400027	0.020911044	0.028232282	0.032925935	0.040745797	0.035143209	0.037290847	0.01109544
P25605	0	0	0	0	0	0	0	0
P07342	0.00395735	0	0.001081126	0.001546597	0.003250953	0.002037828	0.002434962	0
P53848	0	0	0	0	0	0	0	0
P10356	0	0	0	0	0	0	0	0
P53090	0	0.000374846	0	8.21E-05	0	0	0	0
P47039	0	0	0	0	0	0	0	0
P38787	0	0	0	0	0	0	0	0
P14843	0	0	0	0	0	0	0	0
P32449	0	0	0	0	0	0	0	0
O13525	0	0	0	0	0	0	0	0
P27697	0	0	0	0	0	0	0	0
P53318	0	0	0	0	0	0	0	0
Q05779	0	0	0	0	0	0	0	0
P49017	0	0	0	0	0	0	0	0
P27680	0	0	0	0	0	0	0	0
P41735	0	0	0	0	0	0	0	0
P07264	0.003981626	0.000145722	0.001332831	0.001838437	0.00334961	0.002277145	0.002634253	0
P06208	0.00099388	0	0	0.000419504	0.000824499	0.000537078	0.000632783	0
Q12166	0	0	0.000277216	0	0	0	0	0
P38891	0	0	0	0	0	0	0	0
P47176	0	0	0	0	0	0	0	0
P38840	0	0.000447338	0	0.000140456	0	0	0	0
P49367	0.012311165	0.000296928	0.00401516	0.005568147	0.010327818	0.006950927	0.008069996	0
P43635	0	0	0	0	0	0	0	0
P32179	0.000243064	0.000101063	0.00017112	0	0	0	0	7.13E-06
P22434	0	0	0	0	0	0	0	0
P06776	0	0	0	0	0	0	0	0
Q99258	0	0	0	0	0	0	0	0
P08566	0	0	0	0	0	0	0	0
P38342	0	0	0	0	0	0	0	0
Q12184	0	0	0	0	0	0	0	0
P48360	0	0	0	0	0	0	0	0
P33751	0	0	0	0	0	0	0	0
Q03034	0	0	0	0	0	0	0	0
Q05979	0	0	0	0	0	0	0	0
Q02207	0	0	0	0	0	0	0	0
P47096	0	0	0	0	0	0	0	0
P32643	0	0	0	0	0	0	0	0
P04173	0.000849105	0	0.000233178	0.000350748	0.000702142	0.000452761	0.0005358	0
P26263	0	0	0	0	0	0	0	0
P06169	0.036038449	0	0	0.001496523	0.015763288	0.000721278	0.000389038	3.03E-05
P16467	0	0	0	0	0	0	0	0
P38122	0	0	0	0	0	0	0	0
Q07471	0	0	0	0	0	0	0	0.00029818
P37254	0	0	0	0	0	0	0	0
Q03266	0	0	0	0	0	0	0	0
P17649	0	0.001997346	0	0.00639831	0	0	0	0
P16120	0	0	0	0	0	0	0	0
Q06685	0	0	0	0	0	0	0	0
Q99321	0	0	0	0	0	0	0	0
Q12494	0	0	0	0	0	0	0	0
Q07938	0	0	0	0	0	0	0	0
P40025	0	0	0	0	0	0	0	0
P53078	0	0	0	0	0	0	0	0
Q99312	0	0	0	0	0	0	0	0
P38972	0.003019226	0.0013728	0.001885979	0.002214975	0.002763093	0.002370391	0.002520926	0.000684768
P53128	0	0	0	0	0	0	0	0
P46151	0	0	0	0	0	0	0	0
P09950	0	0	0	0	0	0	0	0
P40099	0	0	0	0	0	0	0	0
P05694	0.000470469	0	0	0	0.000179502	0	0	0
P47095	0	0	0	0	0	0	0	0
Q06489	0	0	0	0	0	0	0	0
P40433	0	0	0	0	0	0	0	0
Q12471	0	0	0	0	0	0	0	0
P53315	0	0	0	0	0	0	0	0
P38858	0.006431786	0	0	0	0.005774072	0.00583303	0.004746611	5.79E-05
P06168	0.004368417	0	0.000207621	0.000328852	0.003197645	0.001122464	0.001771717	0
P27796	0	0	0	0	0	0	0	0
P41338	0	0	0	0	0	0	0	0
P32874	0	0	0	0	0	0	0	0
P48445	0	0	0	0	0	0	0	0
Q00955	0.009077907	0.004233503	0.005743466	0.006711495	0.008324265	0.007168788	0.007611718	0.002209064
P32316	0	0	0	0	0	0	0	0
Q01574	0	0	0	0	0	0	0	0
P52910	0.001433765	0.019560341	0.010984035	0.00424818	0.001269017	0.002043851	0.001097853	3.19E-05
Q01217	0.000720003	0	0	0	0.00025748	0	0	0
P00635	0	0	0	0	0	0	0	0
P35842	0	0	0	0	0	0	0	0
P24031	0	0	0	0	0	0	0	0
P38693	0	0	0	0	0	0	0	0
Q12428	0	0	0	0	0	0	0	0
P18544	0.00090221	0	0	0	0.000336917	0	0	0
Q12036	0	0	0	0	0	0	0	0
P13711	0	0	0	0	0	0	0	0
P25628	0	0	0	0	0	0	0	0
P53629	0	0	0	0	0	0	0	0
P47026	0	0	0	0	0	0	0	0
P53909	0	0	0	0	0	0	0	0
P36973	0	0	0	0	0	0	0	0
P49435	0	0	0	0	0	0	0	0
P47143	0.000102184	0	2.87E-05	5.01E-05	8.56E-05	6.01E-05	6.99E-05	0
P15274	0	0	0	0	0	0	0	0
P39954	0.008714581	0.004061953	0.005512141	0.006441849	0.007990773	0.006881039	0.007306434	0.002117656
P21182	0	0	0	0	0	0	0	0
P50277	0	0	0	0	0	0	0	0
P08678	0	0	0	0	0	0	0	0
Q12055	0.003151123	0.008512049	0.00574492	0.003459358	0.002822084	0.002768177	0.002543728	0.000645491
P07170	0	0	0	0	0	0	0	0
P26364	0	0	0	0	0	0	0	0
Q05911	0.001058124	0.000446827	0.000637362	0.000759513	0.00096302	0.000817216	0.000873107	0.000191372
P80210	0.000366926	0.000120465	0.000197284	0.000246531	0.00032858	0.000269796	0.000292329	1.75E-05
Q02196	0.000405195	0.000196084	0.000299251	0	0	0	0	5.78E-05
P53314	0	0	0	0	0	0	0	0
P43567	0	0.003224204	0	0.001162064	0	0.000157604	0	0.000154848
P40825	0.000480581	0.000174133	0.000269651	0.000330887	0.000432907	0.000359814	0.000387833	4.61E-05
P53296	0	0	0	0	0	0	0	0
P40353	0	0	0	0	0	0	0	0
P00331	0	0	0.010922344	0	0	0	0	0
Q12458	0	0	0	0	0	0	0	0
P38715	0	0	0	0	0	0	0	0.216531867
P10127	0	0	0	0	0	0	0	0
P07246	0	0	0	0	0	0	0	0
P38113	0	0	0	0	0	0	0	0
P32771	0	0	0	0	0	0	0	0
P00330	0.003340349	0	0	0	0.001385897	0	0	0
P25377	0	0	0	0	0	0	0	0
Q04894	0	0	0	0	0	0	0	0
Q04458	0	0	0	0	0	0	0	0
P54114	0	0	0	0	0	0	0	0
P47771	0	0	0	0	0	0	0	0
P54115	0.003035699	3.64E-05	0.006715464	0	0.00269888	0	0.002348945	0.000169586
P46367	0	0	0.004520404	0.002492204	0	0.001178076	0	0
P40047	0	0	0.010016699	0.005575794	0	0.002698423	0	0
P11491	0	0	0	0	0	0	0	0
P25335	0	0	0	0	0	0	0	0
P32375	0	0	0	0	0	0	0	0
P32528	0	0	0	0	0	0	0	0
P38131	0	0	0	0	0	0	0	0
P38130	0	0	0	0	0	0	0	0
P27809	0	0	0	0	0	0	0	0
P26725	0	0	0	0	0	0	0	0
P33550	0	0	0	0	0	0	0	0
P53966	0	0	0	0	0	0	0	0
P27810	0	0	0	0	0	0	0	0
P54070	0	0	0	0	0	0	0	0
P48016	0	0	0	0	0	0	0	0
P35172	0	0	0	0	0	0	0	0
P32356	0	0	0	0	0	0	0	0
Q00764	1.05E-06	0	0	0	0	0	0	0
P31688	8.53E-05	0	1.80E-05	3.75E-05	7.01E-05	4.68E-05	5.57E-05	0
P38427	0	0	0	0	0	0	0	0
P38426	0.000113874	0	3.62E-05	5.87E-05	9.63E-05	6.94E-05	7.97E-05	0
P38158	0	0	0	0	0	0	0	0
P53051	0	0	0	0	0	0	0	0
P53341	0	0	0	0	0	0	0	0
P0CW40	0	0	0	0	0	0	0	0
P40884	0	0	0	0	0	0	0	0
P0CW41	0	0	0	0	0	0	0	0
P22580	0	0	0	0	0	0	0	0
Q03557	0	0	0	0	0	0	0	0
P07285	0	0	0	0	0	0	0	0
P00899	0	0	0	0	0	0	0	0
P00937	0	0	0	0	0	0	0	0
P49775	0	0	0	0	0	0	0	0
P00812	0	0	0	0	0	0	0	0.012660471
P04076	0	0	0	0	0	0	0	0
P22768	0	0.00010436	1.37E-05	0	0	0	0	0
Q05506	0.000761191	0.000306627	0.000448312	0.000539144	0.000690475	0.000582053	0.000623615	0.000116668
P38714	0	0	0	0	0	0	0	0
P49090	0	0	0	0	0	0	0	0
P49089	0	0	0	0	0	0	0	0
P38707	0.000764241	0.000308068	0.000450254	0.000541408	0.000693274	0.000584469	0.000626178	0.000117435
P25345	0	0	0	0	0	0	0	0
P07259	0	0	0	0	0	0	0	0
P10869	0	0	0	0	0	0	0	0
P23542	0	0.000272751	0.000411142	0	0	0	0	0
Q01802	0	0.000130946	0.000232895	0	0	0	0	0
P13663	0	0	0	0	0	0	0	0
P04802	0.00379125	0.001737324	0.002377518	0.002787942	0.003471722	0.002981825	0.003169618	0.000879001
P15179	0	0	0	0	0	0	0	0
P22108	0	0	0	0	0	0	0	0
P16550	0	0	0	0	0	0	0	0
P00498	0	0	0	0	0	0	0	0
P00856	0	0.003114526	0.003659371	0.002820075	0.001853781	0.002239425	0.002001234	0.000802797
P00854	0	0.015964433	0.018689273	0.014494411	0.009664882	0.011592322	0.010401839	0.004412098
P61829	0	0.042742668	0.05000454	0.038817879	0.025939134	0.031078944	0.027904297	0.011931861
P07251	0	0.009856429	0.011544001	0.008944402	0.005951471	0.007145936	0.006408178	0.002696235
P38077	0	0.018865605	0.022080221	0.017128282	0.011427154	0.013702443	0.012297109	0.005226391
Q12165	0	0.009297169	0.010889948	0.008436372	0.005611558	0.006738928	0.006042611	0.00253917
P09457	0	0.012496138	0.014631135	0.011342301	0.007555864	0.009067013	0.008133654	0.003437581
P81449	0	0.005904431	0.006922152	0.005354419	0.003549473	0.004269819	0.0038249	0.001586334
Q06405	0	0.006145542	0.00720413	0.005573444	0.003696019	0.004445291	0.003982506	0.001654049
P00830	0	0.009208436	0.010786175	0.008355768	0.005557626	0.006674352	0.005984609	0.00251425
P30902	0	0.010837159	0.012690962	0.009835293	0.006547551	0.007859673	0.007049244	0.002971667
Q12349	0	0.007700151	0.00902224	0.006985647	0.004640901	0.005576679	0.004998698	0.002090655
P81450	0	0.003592372	0.00421821	0.00325415	0.002144214	0.002587185	0.002313586	0.000936999
P05626	0	0.014765782	0.01728548	0.013404032	0.00893533	0.010718767	0.009617229	0.004074993
P21306	0	0.003622634	0.004253601	0.003281639	0.002162607	0.002609208	0.002333367	0.000945498
Q12233	0	0.007032164	0.008243003	0.006380381	0.004235927	0.005091769	0.004563161	0.001903527
P81451	0	0.004059453	0.004764458	0.003678445	0.002428104	0.00292711	0.002618901	0.001068177
P32903	0	0	0	0	0	0	0	0
P40975	0	0	0	0	0	0	0	0
P05030	0	0	0	0	0	0	0	0
P19657	0	0	0	0	0	0	0	0
P40009	0	0	0	0	0	0	0	0
P16661	0	0	0	0	0	0	0	0
P32451	0	0	0	0	0	0	0	0
P32462	0.029062774	0.013669548	0.018467461	0.021543395	0.026668034	0.022996458	0.024403883	0.007236936
P54781	0	0	0	0	0	0	0	0
P53199	0	0	0	0	0	0	0	0
Q12452	0.003960155	0.001817076	0.002485058	0.002913297	0.003626758	0.003115596	0.00331154	0.000921496
P53045	0	0	0	0	0	0	0	0
P32353	0	0	0	0	0	0	0	0
P32352	0	0	0	0	0	0	0	0
P25340	0.002926917	0.001329214	0.001827207	0.002146467	0.002678364	0.002297284	0.002443363	0.000661544
P22007	0	0	0	0	0	0	0	0
P29703	0	0	0	0	0	0	0	0
P03965	0	0	0	0	0	0	0	0
P07258	0	0	0	0	0	0	0	0
P80235	0	0.003843568	0.00114912	0.000526091	0	0	0	0
P40017	0	0	0	0	0	0	0	0
P32796	0	0.00385078	0.001151405	0.000527236	0	0	0	0
P06115	0	0	0	0	0	0	0	0
P15202	0	0	0	0	0	0	0	0
P38992	0	0	0	0	0	0	0	0
Q03529	0	0	0	0	0	0	0	0
P38703	0	0	0	0	0	0	0	0
Q03579	0	0	0	0	0	0	0	0
P28496	0	0	0	0	0	0	0	0
Q06702	0	0	0	0	0	0	0	0
Q06703	0	0	0	0	0	0	0	0
P29465	0	0	0	0	0	0	0	0
P14180	0	0	0	0	0	0	0	0
P08004	0	0	0	0	0	0	0	0
P20485	0	0	0	0	0	0	0	0
P13259	0	0	0	0	0	0	0	0
P32178	0	0	0	0	0	0	0	0
P28777	0	0	0	0	0	0	0	0
P19414	0.000452175	0.015626737	0.004779362	0.007209294	0.000394629	0.001455077	0.000218997	0.00042588
P35196	0	0	0	0	0	0	0	0
Q03175	0	0	0	0	0	0	0	0
P00890	7.50E-05	0.004884521	0.001446506	0.002216671	5.68E-05	0.00039288	1.11E-06	6.67E-05
P08679	0	0	0	0	0	0	0	0
P11353	0	0	0	0	0	0	0	0
P28274	0	0	0	0	0	0	0	0
P38627	0.000120363	4.05E-06	4.03E-05	6.35E-05	0.000102268	7.45E-05	8.52E-05	0
P43623	0	0	0	0	0	0	0	0
P53101	0	0	0	0	0	0	0	0
P32582	0	0	0	0.000131378	0.000156473	0.000146911	0.000161957	0
P31373	0	0	0	0	0	0	0	0
P47164	0	0	0	0	0	0	0	0
P06106	0	0	0	0	0	0	0	0
P53852	0	0	0	0	0	0	0	0
Q06549	0	0	0	0	0	0	0	0
P27515	0	0	0	0	0	0	0	0
P10614	0.000566236	0.000214576	0.000324186	0.000394456	0.000511528	0.000427651	0.000459804	6.76E-05
P16603	0.000742356	0.000297734	0.00043632	0.000525166	0.000673187	0.000567137	0.000607789	0.000111929
Q12178	0	0	0	0	0	0	0	0
P54783	0	0	0	0	0	0	0	0
Q04212	0	0	0	0	0	0	0	0
P38115	0	0	0	0	0	0	0	0
P14540	0	0.001374546	0.001888334	0.002217721	0	0	0	0
Q07786	0	0	0	0	0.005380398	0	0	0
P35497	0	0	0	0	0	0	0	0
P06773	0	0	0	0	0	0	0	0
P15454	0	0	0	0	0	0	0	0
P38791	0	0	0	0	0	0	0	0
P25332	0	0	0	0	0	0	0.07291313	0
Q03941	0	0	0	0	0	0	0	0
P53630	0	0	0	0	0	0	0	0
Q02896	0	0	0	0	0	0	0	0
P07807	0	0	0	0	0	0	0	0
Q12676	0	0	0	0	0	0	0	0
Q12154	0	0	0	0	0	0	0	0
P20051	0.001719094	0.000758919	0.001058199	0.001250065	0.00156972	0.001340702	0.001428492	0.000357667
P39522	0.001093272	0	0.000219034	0.000344762	0.000874312	0.000496441	0.000619284	0
P43550	0	0	0	0	0	0	0	0
P54838	0	0	0	0	0	0	0	0
P08524	0.005391934	0.002493114	0.003396655	0.003975909	0.004940966	0.004249547	0.004514589	0.001281716
P00950	0	0	0	0	0	0	0	0
P32469	0	0	0	0	0	0	0	0
P20048	0	0	0	0	0	0	0	0
P14020	0.000212061	4.73E-05	9.87E-05	0.0001316	0.000186436	0.000147149	0.000162209	0
P31382	0	0	0	0	0	0	0	0
P33775	0	0	0	0	0	0	0	0
P52867	0.000771319	0.00031141	0.00045476	0.000546661	0.000699771	0.000590075	0.000632125	0.000119216
P46971	0	0	0	0	0	0	0	0
P47190	0	0	0	0	0	0	0	0
P00572	0	0	0	0	0	0	0	0
P47119	0	0	0	0	0	0	0	0
P33317	0	0	0	0	0	0	0	0
P47180	0	0	0	0	0	0	0	0
P0CX11	0	0	0	0	0	0	0	0
P00924	0.017984563	0.000406208	0.00058259	0.001607907	0.008119966	0.006293579	0.006055517	0
P00925	0	0	0	0	0	0	0	0
P42222	0	0	0	0	0	0	0	0
P0CX10	0	0	0	0	0	0	0	0
Q03764	0	0	0	0	0	0	0	0
P41734	0	0	0	0	0	0	0	0
P52911	0	0	0	0	0	0	0	0
P15703	0	0	0	0	0	0	0	0
P23776	0	0	0	0	0	0	0	0
P53753	0	0	0	0	0	0	0	0
P32603	0	0	0	0	0	0	0	0
Q12051	0	0	0	0	0	0	0	0
P39518	0	0	0	0	0	0	0	0
P16622	0	0	0	0	0	0	0	0
P00431	0	0	0	0	0	0	0	0
P00401	0.001138815	0.007994288	0.009797122	0.008088825	0.005008711	0.006413528	0.005433833	0.002153619
P00410	0.00050188	0.003832609	0.004708512	0.003878541	0.002382071	0.003064601	0.002588617	0.000994925
P00420	0.000539647	0.004079371	0.005010235	0.004128186	0.002537815	0.003263172	0.002757322	0.001063629
P07255	4.67E-05	0.000858563	0.001072061	0.000869759	0.000504999	0.000671364	0.000555344	0.000166886
P04037	0.000261176	0.002259872	0.002785481	0.002287435	0.001389437	0.001799008	0.001513381	0.000557041
P32799	0.00021648	0.001966147	0.002428397	0.001991986	0.001205117	0.001564002	0.001313722	0.000475731
P00427	0.000265368	0.002287267	0.002818978	0.00231515	0.001406728	0.001821053	0.00153211	0.000564669
P00425	0.000262316	0.002267319	0.002794587	0.00229497	0.001394138	0.001805001	0.001518473	0.000559115
Q01519	0.00010622	0.001247412	0.001547518	0.00126315	0.000750422	0.000984274	0.00082119	0.00027515
P04039	0.000275307	0.002352202	0.002898376	0.002380844	0.001447712	0.001873307	0.001576505	0.000582748
P10174	4.61E-05	0.000854319	0.001066872	0.000865465	0.00050232	0.000667948	0.000552443	0.000165704
P38824	0	0	0	0	0	0	0	0
Q04935	0	0	0	0	0	0	0	0
P53239	0	0	0	0	0	0	0	0
P47081	0	0	0	0	0	0	0	0
P19516	0	0	0	0	0	0	0	0
Q3E731	0	0	0	0	0	0	0	0
P00163	0.002799419	0.018843008	0.023064275	0.019065933	0.011856882	0.015144869	0.012851873	0.005174545
P07256	0.003235887	0.021696618	0.026551426	0.021951154	0.013656846	0.017439807	0.01480162	0.005968555
P00128	0.000867324	0.006220384	0.007628116	0.006294204	0.003889114	0.004986059	0.004221069	0.00165973
P08067	0.00145179	0.010039255	0.012297567	0.010157673	0.006299385	0.008059121	0.00683191	0.002722975
P00127	0.001046122	0.007388638	0.009056575	0.007476101	0.004626456	0.005926158	0.005019768	0.001984995
P22289	0.000396538	0.00314431	0.003866909	0.003182204	0.001947651	0.002510722	0.002118047	0.000803288
P37299	0.000470699	0.003628875	0.0044594	0.003672428	0.002253484	0.002900655	0.00244933	0.000938201
P08525	0.000628872	0.004662356	0.005723069	0.00471798	0.002905766	0.003732304	0.003155892	0.001225944
P07143	0.002161738	0.014676363	0.017969573	0.014850636	0.009227137	0.01179197	0.010003294	0.004014492
P07257	0.002588355	0.017465587	0.021377991	0.017670723	0.01098647	0.014035102	0.01190903	0.004790583
P38913	0	0	0	0	0	0	0	0
Q07923	0	0	0	0	0	0	0	0
Q08911	0	0.013859546	0	0.004481625	0	0.000136402	0	0.004971753
P07245	0	0.003580794	0.000360157	0.001067193	0	0	0	0.001240912
P09440	0	0	0	0	0	0	0	0
Q06137	0	0	0	0	0	0	0	0
P32604	0	0	0	0	0	0	0	0
P09201	0	0.00056399	0.000795349	0.000943672	0	0	0	0
P08417	0	0.000591895	0.00011704	0.000218364	0	0	0	0
P28272	0.000358173	0.000116335	0.000191715	0.00024004	0.000320551	0.000262868	0.00028498	1.53E-05
P32614	0	0.000139439	2.64E-05	0.040337928	0	0	0	0.00053335
Q05902	0	0	0	0	0	0	0	0
P04385	0	0	0	0	0	0.047054431	0	0
P08431	0	0	0	0	0	0.021265804	0	0
P32477	0	0	0	0	0	0	0	0
Q06625	0	0	0	0	0	0	0	0
P08019	0	0	0	0	0	0.000121585	0	0
P11412	0.000113692	0	0	0	9.22E-05	9.41E-05	5.86E-05	0
P12709	0.00380066	0	0	1.20E-05	0.000227686	0.001213328	0.00018288	0
P32264	5.89E-05	0	0	0	0	0	0	0
Q04792	0	0.000579313	0	0.002004742	0	0	0	0
P33327	0	0	0	0	0	0	0	0
P39708	0	0	0	0	0	0	0	0
P07262	0.002227045	0.009159068	0.000433763	0.004135992	0.00186838	0.001471281	0.001360884	0.000908584
Q12680	0	0	0	0	0	0	0	0
P54885	0	0	0	0	0	0	0	0
P43544	0	0	0	0	0	0	0	0
P53823	0	0	0	0	0	0	0	0
P32288	0.000191199	0	1.87E-05	4.98E-05	0.000141862	7.31E-05	9.27E-05	0
A2P2R3	0	0	0	0	0	0	0	0
P14742	0	0	0	0	0	0	0	0
P13188	0.004132418	0.001898412	0.002594736	0.003041144	0.003784875	0.003252026	0.003456284	0.000964836
P46655	0.024118733	0.011335191	0.015319699	0.017874157	0.022129988	0.019080875	0.020249692	0.005993108
P48525	0	0	0	0	0	0	0	0
P25373	0	0	0	0	0	0	0	0
P41921	0	0	0	0	0	0	0	0
Q03835	0	0	0	0	0	0	0	0
P17695	0	0	0	0	0	0	0	0
P32642	0	0	0	0	0	0	0	0
Q02784	0	0	0	0	0	0	0	0
P23202	0	0	0	0	0	0	0	0
P38143	0	0	0	0	0	0	0	0
P40581	0	0	0	0	0	0	0	0
P36014	0	0	0	0	0	0	0	0
Q08220	0	0	0	0	0	0	0	0
P00359	0	0	0	0	0	0	0	0
P00360	0.109875362	0.002965774	0.004034008	0.010243793	0.050176807	0.038622567	0.037603212	0.001635217
P00358	0	0	0	0	0	0	0	0
P14065	0	0	0	0	0	0	0	0
P32190	0	0	0	0.000487911	0	0	0	0
P40106	0	0	0	0	0	0	0	0
P41277	0	0	0	0	0	0	0	0
P32191	0	0	0	0.026525058	0	0	0	0
Q00055	0	0	0	0	0	0	0	0
P41911	0	0	0	0	0	0	0	0
Q02979	0	0	0	0	0	0	0	0
P04161	0.000233176	5.73E-05	0.00011213	0.000147271	0.000205818	0.000163872	0.000179951	0
P39726	0	1.91E-05	0	0	0	0	0	0
P48015	0	0.000181905	0	0	0	0	0	0
P09624	0.001106833	0.000289423	0	0.003301334	0.000975037	0.001113317	0.000762007	0.00044912
P49095	0	0.000625548	0	0.000154228	0	0	0	6.43E-05
P37291	0.000720031	0.036277224	0.000280601	0.011580877	0.000618051	0.00048534	0.000521008	0.013171543
P37292	0	0.035290634	0.000317715	0.011706087	0	0.000959999	0	0.007918604
P19262	0	0	0	0	0	0	0	0
P20967	0	0	0	0	0	0	0	0
P23337	0	0	0	0	0	0	0	0
P47011	0	0	0	0	0	0.000382455	0	0
P36143	0	0	0	0	0	0	0	0
P27472	0	0	0	0	0	0.000767293	0	0
P06738	0	0	0	0	0	0	0	0
P38088	0	0	0	0	0	0	0	0
Q06817	0.001689641	0.000745012	0.001039447	0.001228207	0.001542686	0.001317376	0.001403744	0.000350257
P38625	0.007102839	0.003300945	0.004485967	0.005245677	0.00651138	0.005604561	0.005952173	0.001712161
P23797	0	0	0	0	0	0	0	0
P25580	0	0	0	0	0	0	0	0
P47088	0	0	0	0	0	0	0	0
P36051	0	0	0	0	0	0	0	0
P38211	0	0	0	0	0	0	0	0
P30777	0	0	0	0	0	0	0	0
Q06636	0	0	0	0	0	0	0	0
Q07830	0	0	0	0	0	0	0	0
P51601	0	0	0	0	0	0	0	0
P38066	0	0	0	0	0	0	0	0
Q07729	0	0	0	0	0	0	0	0
Q04178	0	0	0	0	0	0	0	0
P40086	0	0	0	0	0	0	0	0
P21592	0	0	0	0	0	0	0	0
Q06204	0	0	0	0	0	0	0	0
P04806	0	0	0	0	0.004442428	0	0	0
P04807	0	0	0	0	0	0	0	0
P17709	0	0	0	0	0	0	0	0
P00815	0	0	0	0	0	0	0	0
P38635	0	0	0	0	0	0	0	0
P07172	0	0	0	0	0	0	0	0
P07263	3.71E-05	0	0	1.76E-06	2.58E-05	8.59E-06	1.52E-05	0
P38074	0	0	0	0	0	0	0	0
P39533	0	0	0	0	0	0	0	0
Q12122	0.01615895	0.000422193	0.005290952	0.007325406	0.013560705	0.009136884	0.010602896	0
P48570	0	0	0	0	0	0	0	0
Q12525	0	0	0	0	0	0	0	0
Q08985	0	0	0	0	0	0	0	0
P40495	0.000386564	0	6.13E-05	0.000122214	0.00030881	0.000176424	0.000220295	0
P31116	0.000170204	0	0	0	0	0	0	0
P17423	5.04E-05	0	0	0	0	0	0	0
P08465	0	0	0	0	0	0	0	0
Q04120	0	0	0	0	0	0	0	0
P22803	0.000208565	8.08E-05	0.000143856	0	0	0	0	0
P22217	0	0	0	0	0	0	0	0
P34227	0	0	0	0	0	0	0	0
P25372	0	0	0	0	0	0	0	0
P38013	0	0	0	0	0	0	0	0
Q05584	0	0	0	0	0	0	0	0
Q12320	0	0	0	0	0	0	0	0
P32378	0	0	0	0	0	0	0	0
P41835	0	0	0	0	0	0	0	0
P28789	0	0	0	0	0	0	0	0
P12684	0.000456028	0.000162539	0.000254017	0.000312664	0.00041037	0.000340368	0.000367202	3.99E-05
P12683	0.000459595	0.000164223	0.000256289	0.000315311	0.000413644	0.000343193	0.000370199	4.08E-05
P54839	0.029573186	0.013910542	0.018792429	0.021922199	0.027136532	0.023400694	0.024832753	0.007365345
Q08224	0	0	0	0	0	0	0	0
Q08975	0	0	0	0	0	0	0	0
Q06490	0	0	0	0	0	0	0	0
P33734	0	0	0	0	0	0	0	0
P06633	0	0	0	0	0	0	0	0
P38697	0	0	0	0	0	0	0	0
P50095	0	0	0	0	0	0	0	0
P50094	0.001114071	0.000473247	0.000672987	0.00080104	0.001014379	0.000861531	0.000920122	0.000205449
P00817	0	0	0	0	0	0	0	0
P28239	0	0.002649459	0.00187105	0	0.000870132	0	0.00079484	0.000207978
P54113	0.001039603	0.000438085	0.000625574	0.000745772	0.000946025	0.000802553	0.00085755	0.000186714
P38009	0.001511119	0.00066072	0.000925783	0.001095714	0.001378823	0.001175988	0.001253741	0.000305343
Q06667	0	0	0	0	0	0	0	0
P07250	0	0	0	0	0	0	0	0
P40015	0	0	0	0	0	0	0	0
P28834	0	0	0	0	0	0	0	0
P28241	0	0	0	0	0	0	0	0
P41939	0.000270135	0.000259226	0	0.00150034	0	3.68E-05	0	0.000129752
P53982	0	0	0	0	0	0	0	0
P28240	0	0.060182992	0.01915894	0.019430891	0.000230689	0.005260889	0.000143839	0.00366647
P09436	0.000306694	9.20E-05	0.000158938	0.000201834	0.000273299	0.000222097	0.000241725	2.32E-06
P48526	0	0	0	0	0	0	0	0
P15496	0	0	0	0	0	0	0	0
P53312	0	0	0	0	0	0	0	0
P53598	0	0	0	0	0	0	0	0
P38169	0	0	0	0	0	0	0	0
P52893	0	0	0	0	0	0	0	0
P37303	0	0	0	0	0	0	0	0
Q05016	0	0	0	0	0	0	0	0
P07702	0.00066903	0	0.000154989	0.000251216	0.000546138	0.000336897	0.000406238	0
P50113	5.19E-05	0	0	0	2.76E-05	0	0	0
P38986	0	0	0	0	0	0	0	0
P0CZ17	0	0.001277259	0.001035477	0.001047831	0	0.000922724	0	0.001319126
P0CX77	0	0.001277259	0.001035477	0.001047831	0	0.000922724	0	0.001319126
P0CX78	0	0.001277259	0.001035477	0.001047831	0	0.000922724	0	0.001319126
P0CX79	0	0.001277259	0.001035477	0.001047831	0	0.000922724	0	0.001319126
P32263	0	0	0	0	0	0	0	0
Q12068	0	0	0	0	0	0	0	0
P25379	0	0	0	0	0	0	0	0
P00927	0	0	0	0	0	0	0	0
P47125	0	0	0	0	0	0	0	0
P50107	0	0	0	0	0	0	0	0
P38604	0.000663807	0.000260646	0.000386309	0.00046687	0.000601088	0.000504927	0.000541788	9.22E-05
P26637	0.001253813	0.000539228	0.000761959	0.000904751	0.001142646	0.000972205	0.00103754	0.000240607
P11325	0	0	0	0	0	0	0	0
Q10740	0	0	0	0	0	0	0	0
P15180	0.00048721	0.000177262	0.000273871	0.000335806	0.000438992	0.000365064	0.000393403	4.77E-05
P32048	0	0	0	0	0	0	0	0
P17505	0	0.002850609	0.001357535	0.001082022	0	0.000191927	0	0
P22133	0	0	0	0	0	0	0	0
P32419	0	0	0	0	0	0	0	0
P21826	0	0.007255946	0.011790655	0.000479408	0	0.000925001	0	0
P30952	0	0.007612138	0.012366432	0.000507464	0	0.000974634	0	0
P36013	0.000181882	0	4.08E-05	0	0	0	0	0.000238755
P32463	0	0	0	0	0	0	0	0
Q12283	0	0	0	0	0	0	0	0
P41940	4.72E-05	0	0	9.23E-06	3.51E-05	1.66E-05	2.37E-05	0
P29952	0.000149046	1.76E-05	5.86E-05	8.48E-05	0.000128596	9.72E-05	0.000109261	0
P19358	0	0	0	0	0	0	0	0
P10659	0.010067665	0.004700831	0.006373631	0.007446054	0.009232748	0.007952662	0.008443358	0.002458075
P32785	0	0	0	0	0	0	0	0
P00958	0.014518218	0.006802217	0.00920723	0.010749073	0.01331784	0.011477434	0.012182918	0.003577774
P22438	0	0	0	0	0	0	0	0
Q02046	0	0	0	0	0	0	0	0
Q12031	0	0	0	0	0	0	0	0
P07277	0.000395297	0.000133864	0.000215351	0.000267591	0.000354626	0.00029227	0.000316173	2.46E-05
P32377	0.001915262	0.000851541	0.001183094	0.00139565	0.001749775	0.001496061	0.001593317	0.00040702
P35206	0	0	0	0	0	0	0	0
P38287	0	0	0	0	0	0	0	0
P33300	0	0	0	0	0	0	0	0
Q05533	0.000479152	0.000173458	0.00026874	0.000329826	0.000431595	0.000358682	0.000386632	4.57E-05
P38710	0	0	0	0	0	0	0	0
P11986	0.001622111	0.000713127	0.000996451	0.001178088	0.001480701	0.001263893	0.001347002	0.000333267
P43577	0	0	0	0	0	0	0	0
P40360	0	0	0	0	0	0	0	0
Q04728	0	0	0	0	0	0	0	0
Q04066	0	0	0	0	0	0	0	0
P21595	0	0	0	0	0	0	0	0
P21623	0	0	0	0	0	0	0	0
P53164	0	0	0	0	0	0	0	0
P32622	0	0	0	0	0	0	0	0
P21373	0	0	0	0	0	0	0	0
Q06892	0	0	0	0	0	0	0	0
P06700	0	0	0	0	0	0	0	0
P53688	0	0	0	0	0	0	0	0
P53685	0	0	0	0	0	0	0	0
P53687	0	0	0	0	0	0	0	0
P53686	0	0	0	0	0	0	0	0
P38795	0	0	0	0	0	0	0	0
Q07500	0.000548645	0.000868922	0.005577836	0.001819137	0.003349824	0.004032001	0.00371914	0.000893933
P40215	0	0	0	0	0	0	0	0
P32340	0.000134241	0.00446422	0.001311067	0.003647475	0.000146467	0.00046165	9.06E-05	0.000498872
P39683	0	0	0	0	0	0	0	0
P53184	0	0	0	0	0	0	0	0
Q05874	0	0	0	0	0	0	0	0
P25576	0	0	0	0	0	0	0	0
Q06178	0	0	0	0	0	0	0	0
P53204	0	0	0	0	0	0	0	0
P43619	0	0	0	0	0	0	0	0
P32621	0	0	0	0	0	0	0	0
P36010	5.50E-05	0	0	1.50E-05	4.22E-05	0.00032232	3.02E-05	0
P39730	0	0	0	0	0	0	0	0
P54861	0	0	0	0	0	0	0	0
Q12198	2.58E-05	0	0	1.17E-05	2.60E-05	1.92E-05	2.64E-05	0
Q04533	0	0	0	0	0	0	0	0
P05150	0	0	0	0	0	0	0	0
P08432	0	0	0	0	0	0	0	0
P07991	0	0	0	0	0	0	0	0
P13298	0.000155569	2.07E-05	6.27E-05	8.97E-05	0.000134583	0.000102408	0.000114741	0
P30402	0	0	0	0	0	0	0	0
P03962	0	0	0	0	0	0	0	0
P53332	0	0	0	0	0	0	0	0
Q04430	0	0	0	0	0	0	0	0
P40459	0	0	0	0	0	0	0	0
P41903	0	0	0	0	0	0	0	0
P15625	0	0	0	0	0	0	0	0
P15624	0	0	0	0	0	0	0	0
P08425	0	0	0	0	0	0	0	0
Q06408	0	0	0	0	0	0	0	0
P07244	0.002510365	0.001132532	0.001561993	0.001837317	0.002296017	0.001967379	0.002093356	0.000556743
P38628	0	0	0	0	0	0	0	0
P18408	0.000736695	0.00039037	0.000561233	0	0	0	0	0.000161289
P10963	0	0.00234614	0.00319847	0	0	0	0	0
P33412	0	0	0	0	0	0	0	0
P16862	0.01287645	0	0	0	0.005791657	0.004414781	0.003270724	2.81E-05
P16861	0	0	0	0	0	0	0	0
P37012	0.000350644	0.000112777	0.000186917	0.000234447	0.000313634	0.003516046	0.000278648	1.34E-05
P33401	0.000183491	0	8.05E-05	0.000110397	0.000160212	0.002174808	0.000138203	0
P53319	0	0	0	0	0	0	0	0
P38720	0.003358044	0	0	0	0.00300984	0.003041051	0.002465884	0
P40054	0	0	0	0	0	0	0	0.000105049
P40510	0	0	0	0	0	0	0	0.000126755
P00560	0.007335671	0.000107305	0.000179538	0.00059943	0.003299536	0.002518326	0.002449377	1.73E-05
Q12040	0.002691908	0	5.38E-06	0.000163671	0.001169014	0.000887055	0.000850301	0
P07283	0.025571186	0.012020976	0.016244445	0.018952101	0.023463169	0.02023119	0.021470105	0.006358519
P24521	0.003221674	0.001468389	0.002014875	0.002365224	0.002948917	0.002530728	0.002691032	0.000735702
P40506	0	0	0	0	0	0	0	0
P36076	0	0	0	0	0	0	0	0
P36024	0	0	0	0	0	0	0	0
Q08438	0	0	0	0	0	0	0	0
Q03262	0	0	0	0	0	0	0	0
P27616	0	0	0	0	0	0	0	0
P21264	6.54E-05	0	5.33E-06	2.28E-05	5.19E-05	3.10E-05	3.90E-05	0
P00912	0	0	0	0	0	0	0	0
P04046	8.26E-06	0	0	0	0	0	0	0
P32895	0.015444396	0.007239523	0.009796912	0.011436444	0.014167963	0.012210952	0.012961134	0.003810787
P38620	0.011386236	0.005323412	0.007213145	0.008424644	0.010443044	0.008996951	0.009551283	0.00278981
P38689	0	0	0	0	0	0	0	0
P38063	0	0	0	0	0	0	0	0
Q12265	0	0	0	0	0	0	0	0
P42941	0	0	0	0	0	0	0	0
P33330	0.00610468	0	0	0	0.006858245	0	0.005870698	0.023922094
P38298	0	0	0	0	0	0	0	0
Q05567	0	0	0	0	0	0	0	0
P50264	0	0	0	0	0	0	0	0
P05373	0	0	0	0	0	0	0	0
P32452	0	0	0	0	0	0	0	0
P20049	0	0	0	0	0	0	0	0
P09368	0	1.53E-05	0	0	0	0	0	0.000205052
P38708	0.003040259	0.001382731	0.001899371	0.002230585	0.002782399	0.00238705	0.002538599	0.00069006
P40012	0	0	0	0	0	0	0	0
Q04179	0	0	0	0	0	0	0	0
Q05788	0	0	0	0	0	0	0	0
P38075	0	0	0	0	0	0	0	0
P32327	0.001389109	0	0	0	0.000730616	0	0.000445127	0
P11154	0.002970318	0	0	0	0.001612602	0	0.001023968	0
P32473	0.000794985	0	0	0.002333432	0.000697245	0.000788674	0.000539241	0.00024972
P16387	0.000935521	0	0	0.002715545	0.000822434	0.000928219	0.000639619	0.000304635
P16451	0.000913594	0	0	0.002655926	0.000802901	0.000906446	0.000623957	0.000296067
P12695	0.00105786	0	0	0.00304818	0.000931412	0.001049695	0.000726999	0.00035244
P00549	0.020788442	0	0	0.001872701	0.009394395	0.00728484	0.007009871	0
P52489	0	0	0	0	0	0	0	0
Q03778	0	0	0	0	0	0	0	0
P50861	0	0	0	0	0	0	0	0
P38145	0.002022838	0.000902337	0.001251589	0.001475493	0.001848523	0.001581264	0.001683712	0.000434086
P21524	0	0	0	0	0	0	0	0
P49723	0	0	0	0	0	0	0	0
P21672	0	0	0	0	0	0	0	0
P09938	0	0	0	0	0	0	0	0
Q12189	0.002632398	0.000101033	0.000171081	0.000215988	0.002365167	0.002332383	0.039737116	0.00168283
P53915	0	0	0	0	0	0	0	0
P46969	0.000224967	0	0	0	0.000191621	0.000199086	0.003394864	2.57E-05
P25087	0	0	0	0	0	0	0	0
P40363	0	0	0	0	0	0	0	0
P38998	0.000355305	0	5.10E-05	0.000107938	0.000282547	0.000158666	0.000199719	0
P38999	0	0	0	0	0	0	0	0
P12945	0	0	0	0	0	0	0	0
P37293	0	0	0	0	0	0	0	0
P07347	0	0	0	0	0	0	0	0
Q3E790	0	0	0	0	0	0	0	0
P40970	0	0	0	0	0	0	0	0
P25045	0	0	0	0	0	0	0	0
P07284	0	0	0	0	0	0	0	0
P38705	0.003205119	0.001460569	0.002004331	0.002352933	0.002933715	0.002517611	0.002677117	0.000731535
P15807	0	0	0	0	0	0	0	0
Q12074	0	0	0	0	0	0	0	0
Q12455	0	0	0	0	0	0	0	0
P47013	0	0	0	0	0	0	0	0
P23501	0	0	0	0	0	0	0	0
Q06147	0	0	0	0	0	0	0	0
Q12246	0	0	0	0	0	0	0	0
P32476	0.026960001	0.012676713	0.017128674	0.019982816	0.024737938	0.021331105	0.022637046	0.006707919
P29704	0.001069356	0.000452133	0.000644517	0.000767854	0.000973335	0.000826117	0.00088255	0.000194199
P37298	0	0	0	0	0	0	0	0
P47052	0	0	0	0	0	0	0	0
P33421	0	0	0	0	0	0	0	0
P21801	0	0	0	0	0	0	0	0
Q00711	0	0	0	0	0	0	0	0
Q06236	0	0	0	0	0	0	0	0
P38067	0	0.001362715	0	0.004431996	0	0	0	0
P00724	0	0	0	0	0	0	0	0
P08536	0	0	0	0	0	0	0	0
P39692	0	0	0	0	0	0	0	0
P47169	0	0	0	0	0	0	0	0
Q12358	0	0	0	0	0	0	0	0
P36001	0	0	0	0	0	0	0	0
Q08645	0	0	0	0	0	0	0	0
P35202	0	0	0	0	0	0	0	0
P40553	0	0	0	0	0	0	0	0
P29509	5.93E-06	0	0	0	0	0	0	0
P38816	0	0	0	0	0	0	0	0
P04801	0.006622983	0.003074373	0.004180448	0.004889546	0.006070927	0.005224521	0.005548975	0.001591434
P07236	0	0	0	0	0	0	0	0
P06785	0	0	0	0	0	0	0	0
P18900	0	0	0	0	0	0	0	0
P53228	0	0	0	0	0	0	0	0
P15019	0.021416162	0	0	0	0.009513372	0.007185115	0.001808322	1.82E-05
P33315	0	0	0	0	0	0	0	0
P23254	0.00141933	0	0	1.66E-05	0.001263424	0.001298328	0.016239839	0.001078344
P00942	3.68E-05	0	0	0	0	0	0	0
P00931	0	0	0	0	0	0	0	0
Q12109	0.00128126	0.000552188	0.000779435	0.000925121	0.001167839	0.000993943	0.001060603	0.000247513
P04803	0	0	0	0	0	0	0	0
P36421	0.001246748	0.000535892	0.000757461	0.000899507	0.001136161	0.000966609	0.001031604	0.00023883
P48527	0	0	0	0	0	0	0	0
Q06321	0	0	0	0	0	0	0	0
P43123	0	0	0	0	0	0	0	0
P04397	0	0	0	0	0	0.034680158	0	0
P15700	0	0	0	0	0	0	0	0
P18562	0	0	0	0	0	0	0	0
P32459	0	0	0	0	0	0	0	0
Q12084	0	0	0	0	0	0	0	0
P32347	0	0	0	0	0	0	0	0
P36150	0	0	0	0	0	0	0	0
P06174	0	0	0	0	0	0	0	0
P38709	0.000820393	0.000334581	0.000486005	0.000583082	0.000744816	0	0.000673359	0.000131563
P32861	0	0	0	0	0	0	0	0
P07806	0.000818312	0.000333598	0.00048468	0.000581538	0.000742906	0.000627293	0.000671611	0.000131039
P47165	0	0	0	0	0	0	0	0
Q07993	0	0	0	0	0	0	0	0.000274878
P42826	0	0	0	0	0	0	0	0.176202499
P31115	0	0	0	0	0	0	0	0
P53167	0	0	0	0	0	0	0	0
P48567	0	0	0	0	0	0	0	0
Q12211	0	0	0	0	0	0	0	0
P39988	0	0	0	0	0	0	0	0
P36136	0	0	0	0	0	0	0	0
P21954	0	0	0	0	0.000315477	0	0.000201566	0
P07149	0.025050829	0.011775286	0.015913145	0.018565916	0.022985543	0.019819077	0.021032879	0.006227607
P19097	0.022659406	0.010646159	0.014390575	0.01679111	0.020790498	0.017925116	0.019023503	0.005625968
P39525	0	0	0	0	0	0	0	0
P35731	0	0	0	0	0	0	0	0
P38790	0	0	0	0	0	0	0	0
P38071	0	0	0	0	0	0	0	0
P39540	0	0	0	0	0	0	0	0
P40319	0	0	0	0	0	0	0	0
P38286	0	0	0	0	0	0	0	0
P40857	0	0	0	0	0	0	0	0
Q99190	0	0	0	0	0	0	0	0
P21147	0.016124814	0.00756079	0.010230122	0.011941421	0.014792507	0.012749832	0.013532852	0.00398197
P30624	0	0	0	0	0	0	0	0
P47912	0	0	0	0	0	0	0	0
P39002	0	0	0	0	0	0	0	0
Q05871	0	0	0	0	0	0	0	0
Q08558	0	0	0	0	0	0	0	0
P32573	0	0	0	0	0	0	0	0
P32784	0	0	0	0	0	0	0	0
P36148	0.063920792	0.030127617	0.040660476	0.047413137	0.058663471	0.050603093	0.05369287	0.016006293
P40471	0	0	0	0	0	0	0	0
Q08548	5.04E-05	0	0	1.16E-05	3.80E-05	1.91E-05	2.63E-05	0
P33333	0	0	0	0	0	0	0	0
P36165	0	0	0	0	0	0	0	0
Q12043	0	0	0	0	0	0	0	0
P32567	0	0	0	0	0	0	0	0
Q05521	0	0	0	0	0	0	0	0
Q04396	0	0	0	0	0	0	0	0
Q08650	0	0	0	0	0	0	0	0
P38221	0.000257886	6.90E-05	0.000127862	0.00016561	0.000228498	0.000183442	0.000200713	0
P08456	0	0	0	0	0	0	0	0
P06197	0.000374327	0.000123962	0.000201999	0.000252028	0.000335378	0.000275662	0.000298553	1.93E-05
P38226	0	0	0	0	0	0	0	0
P39006	0.047351083	0.022304373	0.030111128	0.03511605	0.043454509	0.037480368	0.039770433	0.011837849
P53037	0	0	0	0	0	0	0	0
P05374	0	0	0	0	0	0	0	0
P05375	0	0	0	0	0	0	0	0
Q12382	0	0	0	0	0	0	0	0
P22140	0	0	0	0	0	0	0	0
P17898	0	0	0	0	0	0	0	0
P25578	0	0	0	0	0	0	0	0
P38812	0	0	0	0	0	0	0	0
Q07560	0	0	0	0	0	0	0	0
P53264	0	0	0	0	0	0	0	0
Q06510	0	0	0	0	0	0	0	0
P42951	0	0	0	0	0	0	0	0
P37297	0	0	0	0	0	0	0	0
Q06389	0	0	0	0	0	0	0	0
P39104	0	0	0	0	0	0	0	0
P22219	0	0	0	0	0	0	0	0
P22543	0	0	0	0	0	0	0	0
P38994	0	0	0	0	0	0	0	0
P34756	0	0	0	0	0	0	0	0
P40345	0	0	0	0	0	0	0	0
Q04958	0	0	0	0	0	0	0	0
P39105	0	0	0	0	0	0	0	0
Q03674	0	0	0	0	0	0	0	0
Q08108	0	0	0	0	0	0	0	0
P32383	0	0	0	0	0	0	0	0
Q08959	0	0	0	0	0	0	0	0
P36126	0	0	0	0	0	0	0	0
P50942	0	0	0	0	0	0	0	0
Q12271	0	0	0	0	0	0	0	0
P47147	0	0	0	0	0	0	0	0
P32368	0	0	0	0	0	0	0	0
P40559	0	0	0	0	0	0	0	0
Q08227	0	0	0	0	0	0	0	0
Q06708	0	0	0	0	0	0	0	0
P42837	0	0	0	0	0	0	0	0
P34163	0	0	0	0	0	0	0	0
Q07804	0	0	0	0	0	0	0	0
Q07950	0	0	0	0	0	0	0	0
P38139	0	0	0	0	0	0	0	0
P40308	0	0	0	0	0	0	0	0
P25641	0	0	0	0	0	0	0	0
P54857	0	0	0	0	0	0	0	0
P28321	0	0	0	0	0	0	0	0
P16140	0	0	0	0	0	0	0	0
P17255	0	0	0	0	0	0	0	0
P25515	0	0	0	0	0	0	0	0
P32610	0	0	0	0	0	0	0	0
P39111	0	0	0	0	0	0	0	0
P23968	0	0	0	0	0	0	0	0
P48836	0	0	0	0	0	0	0	0
P31412	0	0	0	0	0	0	0	0
P32366	0	0	0	0	0	0	0	0
P37296	0	0	0	0	0	0	0	0
P22203	0	0	0	0	0	0	0	0
P32842	0	0	0	0	0	0	0	0
P41807	0	0	0	0	0	0	0	0
P32563	0	0	0	0	0	0	0	0
P40988	0	0	0	0	0	0	0	0
P38993	0	0	0	0	0	0	0	0
P38954	0	0	0	0	0	0	0	0
Q06346	0	0	0	0	0	0	0	0
P36107	0	0	0	0	0	0	0	0
P53615	0	0	0	0	0	0	0	0
Q12447	0	0	0	0	0	0	0	0
P53727	0	0	0	0	0	0	0	0
P52290	0	0	0	0	0	0	0	0
P06182	0	0	0	0	0	0	0	0
Q00873	0	0	0	0	0	0	0	0
P39713	0	0	0	0	0	0	0	0
P33893	0	0	0	0	0	0	0	0
P38174	0	0	0	0	0	0	0	0
Q01662	0	0	0	0	0	0	0	0
P38218	0	0	0	0	0	0	0	0
Q04299	0	0	0	0	0	0	0	0
P38230	0	0	0	0	0	0	0	0
P38242	0	0	0	0	0	0	0	0
P53178	0	0	0	0	0	0	0	0
Q01976	0	0	0	0	0	0	0	0
P38137	0	0	0	0	0	0	0	0
P38138	0	0	0	0	0	0	0	0
P07286	0	0	0	0	0	0	0	0
P38149	0	0	0	0	0	0	0	0
P53871	0	0	0	0	0	0	0	0
P38360	0	0	0	0	0	0	0	0
P25374	0	0	0	0	0	0	0	0
P25612	0	0	0	0	0	0	0	0
Q07747	0	0	0	0	0	0	0	0
P47182	0	0	0	0	0	0	0	0
P42884	0	0	0	0	0	0	0	0
Q08361	0	0	0	0	0	0	0	0
Q02895	0	0	0	0	0	0	0	0
P39986	0	0	0	0	0	0	0	0
P0CX08	0	0	0	0	0	0	0	0
P0CX09	0	0	0	0	0	0	0	0
P40011	0	0	0	0	0	0	0	0
P40029	0	0	0	0	0	0	0	0
P39965	0	0	0	0	0	0	0	0
P32656	0	0	0	0	0	0	0	0
P38744	0	0	0	0	0	0	0	0
P00447	0	0	0	0	0	0	0	0
P38773	0	0	0	0	0	0	0	0
P38774	0	0	0	0	0	0	0	0
P38818	0	0	0	0	0	0	0	0
P38827	0	0	0	0	0	0	0	0
Q04089	0	0	0	0	0	0	0	0
P46995	0	0	0	0	0	0	0	0
P38626	0	0	0	0	0	0	0	0
Q12746	0	0	0	0	0	0	0	0
P36060	0	0	0	0	0	0	0	0
P40580	0	0	0	0	0	0	0	0
P40582	0	0	0	0	0	0	0	0
Q04806	0	0	0	0	0	0	0	0
P36156	0	0	0	0	0	0	0	0
Q12390	0	0	0	0	0	0	0	0
P36088	0	0	0	0	0	0	0	0
P14904	0	0	0	0	0	0	0	0
P28273	0	0	0	0	0	0	0	0
P36007	0	0	0	0	0	0	0	0
P48239	0	0	0	0	0	0	0	0
P0CH63	0	0	0	0	0	0	0	0
P0CH64	0	0	0	0	0	0	0	0
P43545	0	0	0	0	0	0	0	0
P53824	0	0	0	0	0	0	0	0
P43616	0	0	0	0	0	0	0	0
Q07540	0	0	0	0	0	0	0	0
Q07648	0	0	0	0	0	0	0	0
P19881	0	0	0	0	0	0	0	0
P13045	0	0	0	0	0	0	0	0
P28817	0	0	0	0	0	0	0	0
Q12691	0	0	0	0	0	0	0	0
Q01896	0	0	0	0	0	0	0	0
P13587	0	0	0	0	0	0	0	0
Q99288	0	0	0	0	0	0	0	0
Q08234	0	0	0	0	0	0	0	0
P52892	0	0	0	0	0	0	0	0
Q03786	0	0	0	0	0	0	0	0
P32584	0	0	0	0	0	0	0	0
Q04082	0	0	0	0	0	0	0	0
P53306	0	0	0	0	0	0	0	0
P53961	0	0	0	0	0	0	0	0
P46961	0	0	0	0	0	0	0	0
P32363	0	0	0	0	0	0	0	0
P62651	0	0	0	0	0	0	0	0
Q04409	0.001685036	0	0	0	0	7.27E-05	0	0
Q04432	0	0	0	0	0	0	0	0
Q04902	0	0	0	0	0	0	0	0
Q08914	0	0	0	0	0	0	0	0
Q08992	0	0	0	0	0	0	0	0
P38929	0	0	0	0	0	0	0	0
P13586	0	0	0	0	0	0	0	0
P16639	0	0	0	0	0	0	0	0
P39007	0	0	0	0	0	0	0	0
P53008	0	0	0	0	0	0	0	0
P31755	0	0	0	0	0	0	0	0
P43636	0	0	0	0	0	0	0	0
P22855	0	0	0	0	0	0	0	0
P32579	0	0	0	0	0	0	0	0
P53095	0	0	0	0	0	0	0	0
P53206	0	0	0	0	0	0	0	0
P53223	0	0	0	0	0	0	0	0
P53230	0	0	0	0	0	0	0	0
P32318	0	0	0	0	0	0	0	0
P50076	0	0	0	0	0	0	0	0
P39676	0	0	0	0	0	0	0	0
P47051	0	0	0	0	0	0	0	0
P47016	0	0	0	0	0	0	0	0
P21375	0	0.001028488	0.000250042	0.001435764	0	2.30E-06	0	0
P00445	0	0	0	0	0	0	0	0
P32906	0	0	0	0	0	0	0	0
Q12205	0	0	0	0	0	0	0	0
P47177	0	0	0	0	0	0	0	0
Q12209	0	0	0	0	0	0	0	0
P36033	0	0	0	0	0	0	0	0
P32791	0	0	0	0	0	0	0	0
P53746	0	0	0	0	0	0	0	0
Q12333	0	0	0	0	0	0	0	0
Q08905	0	0	0	0	0	0	0	0
Q08908	0	0	0	0	0	0	0	0
Q12473	0	0	0	0	0	0	0	0
Q12385	0	0	0	0	0	0	0	0
Q06508	0	0	0	0	0	0	0	0
Q12429	0	0	0	0	0	0	0	0
Q12524	0	0	0	0	0	0	0	0
Q06005	0	0	0	0	0	0	0	0
Q03161	0	0	0	0	0	0	0	0
Q12674	0	0	0	0	0	0	0	0
Q03649	0	0	0	0	0	0	0	0
P53954	0	0	0	0	0	0	0	0
P53934	0	0	0	0	0	0	0	0
P53868	0	0	0	0	0	0	0	0
P53839	0	0	0	0	0	0	0	0
P53730	0	0	0	0	0	0	0	0
Q08295	0	0	0	0	0	0	0	0
Q12001	0	0	0	0	0	0	0	0
P40351	0	0	0	0	0	0	0	0
Q04174	0	0	0	0	0	0	0	0
P32875	0	0	0	0	0	0	0	0
Q08686	0	0	0	0	0	0	0	0
Q12305	0	0	0	0	0	0	0	0
Q08742	0	0	0	0	0	0	0	0
P40350	0	0	0	0	0	0	0	0
Q06494	0	0	0	0	0	0	0	0
Q06350	0	0	0	0	0	0	0	0
P29029	0	0	0	0	0	0	0	0
P38698	0	0	0	0	0	0	0	0
Q04119	0	0	0	0	0	0	0	0
P38995	0	0	0	0	0	0	0	0
P49954	0	0	0	0	0	0	0	0
P39979	0	0	0	0	0	0	0	0