Var1	D_glucose	acetate	ethanol	glycerol	D_glucitol	D_galactose	D_ribose	D_xylose
YDL174C	0	0	0	0	0	0	0	0
YEL039C	0	0	0	0	0	0	0	0
YJR048W	0	0	0	0	0	0	0	0
YEL071W	0	0	0	0	0	0	0	0
YDL178W	0	0	0	0	0	0	0	0
YAL060W	0	0	0	0	0	0	0	0
YML054C	0	0	0	0	0	0	0	0
YGR032W	0	0	0	0	0	0	0	0
YMR306W	0.010913402	0.004858668	0.006504825	0.007693297	0.01004208	0.008417666	0.008980611	0.002269537
YLR342W	0	0	0	0	0	0	0	0
YCR034W	0	0	0	0	0	0	0	0
YIL020C	0	0	0	0	0	0	0	0
YHR037W	0	0	0	0	0	0	0	0
YEL038W	0	0	0	0	0	0	0	0
YMR009W	0	0	0	0	0	0	0	0
YOL066C	0.000583355	0.000207675	0.000309815	0.000383553	0.000529292	0.000428502	0.000463431	4.7e-05
YBR153W	0.040949929	0.018381994	0.024517675	0.028947469	0.037702187	0.031647433	0.033745716	0.008731698
YCL009C	0	0	0	0	0	0	0	0
YMR108W	0.007688414	0.003406658	0.00457078	0.005411235	0.007072238	0.005923494	0.006321594	0.001575684
YNL256W	0	0	0	0	0	0	0	0
YER152C	0	0	0	0	0	0	0	0
YGL202W	0	0.000414166	0	6.7e-06	0	2.49e-05	0	0
YJL060W	0	0	0	0	0	0	0	0
YHR063C	0	0	0	0	0	0	0	0
YDR035W	0	0	0	0	0	0	0	0
YBR249C	9.6e-06	0	0	0	0	0	0	0
YDR204W	0	0	0	0	0	0	0	0
YGL119W	0	0	0	0	0	0	0	0
YGR255C	0	0	0	0	0	0	0	0
YLR201C	0	0	0	0	0	0	0	0
YML110C	0	0	0	0	0	0	0	0
YOL096C	0	0	0	0	0	0	0	0
YOR125C	0	0	0	0	0	0	0	0
YGL009C	0.006882947	0.003044006	0.004087736	0.004841275	0.006330496	0.005300554	0.005657483	0.001402388
YNL104C	0.001771438	0	0	0.001224269	0.001623381	0.001347356	0.001443013	0.000302643
YOR108W	0	0.000727712	0.00100249	0	0	0	0	0
YHR208W	0	0	0	0	0	0	0	0
YJR148W	0	0	0	0	0	0	0	0
YHR137W	0	0.000429079	0	0	0	1.88e-05	0	0
YDR234W	0.021800319	0.009760329	0.013033739	0.015397038	0.020067664	0.016837469	0.0179569	0.004611821
YPR001W	0	0	0	0	0	0	0	0
YOL064C	0.000159558	1.69e-05	5.57e-05	8.37e-05	0.000139023	0.00010074	0.000114007	0
YGL248W	0	0	0	0	0	0	0	0
YOR360C	0	0	0	0	0	0	0	0
YDR487C	0	0	0	0	0	0	0	0
YDR127W	0.003621948	0.001575775	0.002132089	0.002533728	0.003327489	0.002778526	0.002968771	0.000700783
YBR265W	0	0	0	0	0	0	0	0
YPL252C	0	0	0	0	0	0	0	0
YDR376W	0	0	0	0	0	0	0	0
YDR538W	0	0	0	0	0	0	0	0
YDR539W	0	0	0	0	0	0	0	0
YLR231C	0	0	0	0	0	0	0	0
YKR009C	0	0	0	0	0	0	0	0
YJR025C	0	0	0	0	0	0	0	0
YER175C	0	0	0	0	0	0	0	0
YCL018W	0.001523753	0.000631082	0.000873782	0.001049003	0.001395292	0.001155799	0.001238796	0.000249354
YGR087C	0	0	0	0	0	0	0	0
YLR044C	0.034338882	0	0	0.002537198	0.012014593	0.001392214	0.000339728	1.47e-05
YLR134W	0	0	0	0	0	0	0	0
YBR176W	0	0	0	0	0	0	0	0
YDL080C	0	0	0	0	0	0	0	0
YNR033W	0	0	0	0	0	0	0	0
YMR289W	0	0	0	0	0	0	0	0
YGR019W	0	0.009271876	0	0.014380096	0	0	0	0
YCR053W	0	0	0	0	0	0	0	0
YLR410W	0	0	0	0	0	0	0	0
YOR163W	0	0	0	0	0	0	0	0
YDR017C	0	0	0	0	0	0	0	0
YLR017W	0	0	0	0	0	0	0	0
YER037W	0	0	0	0	0	0	0	0
YGL224C	0	0	0	0	0	0	0	0
YOR155C	0	0	0	0	0	0	0	0
YGR061C	0.002777401	0.001195525	0.001625606	0.00193611	0.002549758	0.00212536	0.002272437	0.000519078
YGL125W	0	0	0	0	0	0	0	0
YPL023C	0	0	0	0	0	0	0	0
YDR232W	0	0	0	0	0	0	0	0
YER183C	0	0	0	0	0	0	0	0
YER091C	0.004690716	0.002056977	0.002773038	0.003290006	0.004311702	0.003605102	0.003849976	0.000930729
YJR024C	0	0	0	0	0	0	0	0
YPR118W	0	0	0	0	0	0	0	0
YIL107C	0	0	0	0	0	0	0	0
YOL136C	0	0	0	0	0	0	0	0
YGR248W	0	0	0	0	0	0	0	0
YHR163W	0.012242733	0	0	0	0.012493021	0.012689645	0.011175024	0.00553323
YLR355C	0.012735298	0.005678952	0.007597425	0.008982502	0.011719836	0.009826701	0.010482771	0.002661515
YIL160C	0	0	0	0	0	0	0	0
YPL028W	0	0	0	0	0	0	0	0
YMR207C	0	0	0	0	0	0	0	0
YDL141W	0	0	0	0	0	0	0	0
YNR016C	0.008366365	0.003711897	0.004977352	0.005890969	0.007696552	0.006447815	0.006880568	0.001721545
YBL015W	0	0	0	0	0	0	0	0
YAL054C	0	0	0	0	0	0	0	0
YLR153C	0.001421354	0.029949938	0.019613268	0.007422885	0.001300993	0.004156692	0.001154367	0.000227322
YER069W	0.004940013	0.00216922	0.002922543	0.003466417	0.004541276	0.003797906	0.004055523	0.000962824
YBR093C	0	0	0	0	0	0	0	0
YAR071W	0	0	0	0	0	0	0	0
YBR092C	0	0	0	0	0	0	0	0
YHR215W	0	0	0	0	0	0	0	0
YPR002W	0	0	0	0	0	0	0	0
YOL140W	0.006059963	0.002673466	0.003594186	0.004258912	0.005572621	0.004664065	0.004978928	0.001203782
YPL148C	0	0	0	0	0	0	0	0
YGL205W	0	0	0	0	0	0	0	0
YCR048W	0	0	0	0	0	0	0	0
YNR019W	0	0	0	0	0	0	0	0
YJL091C	0	0	0	0	0	0	0	0
YNL141W	0	0	0	0	0	0	0	0
YDR441C	0	0	0	0	0	0	0	0
YML022W	0	0	0	0	0	0	0	0
YJR105W	8.65e-05	0	1.19e-05	3.2e-05	7.18e-05	4.42e-05	5.38e-05	0
YML035C	0	0	0	0	0	0	0	0
YER043C	0.008031207	0.003560996	0.004776355	0.005653805	0.00738791	0.006188607	0.006604228	0.001649436
YOL052C	0	0	0	0	0	0	0	0
YNR058W	0	0	0	0	0	0	0	0
YJL005W	0	0	0	0	0	0	0	0
YDL166C	0.003224547	0.01242764	0.008956268	0.004674087	0.002961528	0.003628213	0.002641111	0.000615282
YDR226W	0	0	0	0	0	0	0	0
YER170W	0	0	0	0	0	0	0	0
YLR359W	0.001581645	0.000657147	0.0009085	0.001089968	0.001448603	0.001200572	0.001286528	0.000261809
YNL220W	0.001071453	0.000427437	0.000602533	0.000728946	0.000978775	0.000805994	0.000865871	0.000152041
YKL001C	0.000282224	7.21e-05	0.000129224	0.000170466	0.000251985	0.00019561	0.000215147	0
YGR247W	0	0	0	0	0	0	0	0
YFL030W	0	0.003286136	0.000200818	0.00042896	0	0.000534445	0	0
YOR335C	0.000435571	0.000141136	0.000221187	0.000278981	0.0003932	0.000314207	0.000341582	1.52e-05
YGR177C	0	0	0	0	0	0	0	0
YOR377W	0	0	0	0	0	0	0	0
YMR303C	0	0	0.009531956	0	0	0	0	0
YDR368W	0	0	0	0	0	0	0	0
YHR104W	0	0	0	0	0	0	0	0.410626468
YGL256W	0	0	0	0	0	0	0	0
YMR083W	0	0	0	0	0	0	0	0
YBR145W	0	0	0	0	0	0	0	0
YDL168W	0	0	0	0	0	0	0	0
YOL086C	0.00317316	0	0	0	0.001022123	0	0	0
YCR105W	0	0	0	0	0	0	0	0
YMR318C	0	0	0	0	0	0	0	0
YMR110C	0	0	0	0	0	0	0	0
YMR169C	0	0	0	0	0	0	0	0
YMR170C	0	0	0	0	0	0	0	0
YPL061W	0.003010324	0	0.016134665	0	0.002764254	0	0.002464483	0.000569192
YOR374W	0	0	0.006918124	0.004384833	0	0.002437666	0	0
YER073W	0	0	0.015266676	0.009719827	0	0.005456368	0	0
YDR481C	0	0	0	0	0	0	0	0
YIR029W	0	0	0	0	0	0	0	0
YIR027C	0	0	0	0	0	0	0	0
YBR208C	0	0	0	0	0	0	0	0
YBR199W	0	0	0	0	0	0	0	0
YBR205W	0	0	0	0	0	0	0	0
YDR483W	0	0	0	0	0	0	0	0
YJL139C	0	0	0	0	0	0	0	0
YKR061W	0	0	0	0	0	0	0	0
YNL029C	0	0	0	0	0	0	0	0
YOR099W	0	0	0	0	0	0	0	0
YPL053C	0	0	0	0	0	0	0	0
YPR026W	0	0	0	0	0	0	0	0
YBR001C	0	0	0	0	0	0	0	0
YDR001C	0	0	0	0	0	0	0	0
YBR126C	0	0	0	0	0	0	0	0
YDR074W	7.1e-05	0	2.53e-06	2.1e-05	5.74e-05	3.22e-05	4.1e-05	0
YML100W	0	0	0	0	0	0	0	0
YMR261C	9.73e-05	0	1.83e-05	3.96e-05	8.17e-05	5.26e-05	6.27e-05	0
YBR299W	0	0	0	0	0	0	0	0
YGR287C	0	0	0	0	0	0	0	0
YGR292W	0	0	0	0	0	0	0	0
YIL172C	0	0	0	0	0	0	0	0
YJL216C	0	0	0	0	0	0	0	0
YJL221C	0	0	0	0	0	0	0	0
YDR242W	0	0	0	0	0	0	0	0
YMR293C	0	0	0	0	0	0	0	0
YDR354W	0.000415705	0.000132192	0.000209273	0.00026492	0.000374905	0.000298842	0.000325202	1.1e-05
YER090W	0.003437867	0.001492894	0.002021694	0.002403469	0.003157972	0.00263616	0.002816995	0.000661178
YKL211C	0.003407741	0.00147933	0.002003627	0.002382151	0.003130229	0.00261286	0.002792156	0.000654696
YDR305C	0	0	0	0	0	0	0	0
YPL111W	0	0	0	0	0	0	0	0
YHR018C	0	0	0	0	0	0	0	0
YOL058W	0.00045636	0.000150496	0.000233655	0.000293688	0.000412344	0.000330285	0.000358722	1.97e-05
YDR341C	0.000694425	0.000257684	0.000376425	0.000462148	0.000631575	0.000514403	0.000555009	7.09e-05
YHR091C	0	0	0	0	0	0	0	0
YGR124W	0	0	0	0	0	0	0	0
YPR145W	0.004808913	0.002110194	0.002843922	0.003373648	0.004420548	0.003696515	0.00394743	0.000956159
YHR019C	0.000697239	0.00025895	0.000378112	0.00046414	0.000634166	0.000516579	0.000557329	7.15e-05
YCR024C	0	0	0	0	0	0	0	0
YJL130C	0	0	0	0	0	0	0	0
YER052C	4.17e-05	0	0	0	3.05e-05	9.56e-06	1.68e-05	0
YLR027C	2.89e-05	0.00033166	0.00047496	0	1.87e-05	0	6.3e-06	0
YKL106W	0	0.000237596	0.000349669	0	0	1.21e-05	0	0
YDR158W	1.53e-05	0	0	0	6.18e-06	0	0	0
YLL018C	0.003489572	0.001516173	0.002052701	0.002440052	0.003205586	0.002676147	0.002859626	0.000672302
YPL104W	0	0	0	0	0	0	0	0
YDR530C	0	0	0	0	0	0	0	0
YCL050C	0	0	0	0	0	0	0	0
YER055C	0.000908444	0.000354044	0.000504774	0.000613593	0.000828662	0.000679923	0.000731469	0.000116969
Q0080	0	0.003885506	0.004186118	0.002952983	0.002130653	0.00245529	0.002043064	0.000689469
Q0085	3.12e-05	0.019819454	0.021321932	0.01515869	0.011048668	0.012671199	0.010610899	0.003824155
Q0130	0.000249768	0.053018136	0.057024865	0.040589218	0.029629138	0.033955876	0.028461754	0.010421501
YBL099W	0	0.012244403	0.013175504	0.009356069	0.006809029	0.007814536	0.006537737	0.002345226
YBR039W	5.48e-05	0.023414359	0.025187999	0.017912443	0.013060671	0.014976025	0.012543897	0.004557772
YDL004W	0	0.011551009	0.012429809	0.008824917	0.006420946	0.007369973	0.006164893	0.002207877
YDR298C	2.84e-06	0.015517226	0.01669519	0.011863111	0.008640781	0.009912874	0.008297562	0.002971969
YDR322C-A	0	0.007344548	0.007906065	0.005602685	0.004066642	0.004673033	0.003903034	0.00137465
YDR377W	0	0.007643488	0.008227553	0.005831679	0.004233955	0.004864696	0.004063777	0.001433865
YJR121W	0	0.011440994	0.012311495	0.008740643	0.006359372	0.007299437	0.006105736	0.002186085
YKL016C	0	0.013460353	0.014483171	0.010287506	0.00748958	0.008594131	0.007191565	0.002564542
YLR295C	0	0.009570958	0.010300407	0.00730816	0.005312737	0.00610048	0.005100199	0.001815664
YML081C-A	0	0.00447796	0.004823259	0.003406819	0.002462243	0.002835138	0.002361634	0.000806825
YPL078C	2.14e-05	0.018331226	0.019721447	0.014018683	0.010215732	0.011717039	0.00981067	0.003529367
YPL271W	0	0.00451548	0.004863608	0.00343556	0.002483243	0.002859194	0.002381809	0.000814257
YPR020W	0	0.00874485	0.009411987	0.006675344	0.004850374	0.005570826	0.004655992	0.001652026
YOL077W-A	0	0.005057066	0.005446045	0.003850427	0.002786363	0.003206429	0.002673027	0.000921537
YCR024C-A	0	0	0	0	0	0	0	0
YEL017C-A	0	0	0	0	0	0	0	0
YGL008C	0	0	0	0	0	0	0	0
YPL036W	0	0	0	0	0	0	0	0
YER005W	0	0	0	0	0	0	0	0
YBR110W	0	0	0	0	0	0	0	0
YGR286C	0	0	0	0	0	0	0	0
YNL280C	0.026801809	0.012012151	0.016033128	0.018936154	0.024673449	0.020705544	0.022080629	0.00566632
YMR015C	0	0	0	0	0	0	0	0
YGL001C	0	0	0	0	0	0	0	0
YLR100W	0.003645382	0.001586326	0.002146142	0.002550311	0.003349069	0.00279665	0.002988092	0.000705825
YGR060W	0	0	0	0	0	0	0	0
YLR056W	0	0	0	0	0	0	0	0
YMR202W	0	0	0	0	0	0	0	0
YGL012W	0.002692248	0.001157186	0.001574539	0.00187585	0.002471342	0.002059504	0.002202228	0.000500757
YDL090C	0	0	0	0	0	0	0	0
YKL019W	0	0	0	0	0	0	0	0
YJR109C	0	0	0	0	0	0	0	0
YOR303W	0	0	0	0	0	0	0	0
YAR035W	0	0.005582352	0.002431868	0.001367036	0	0	0	0
YER024W	0	0	0	0	0	0	0	0
YML042W	0	0.005592744	0.002436499	0.001369715	0	0	0	0
YGR088W	0	0	0	0	0	0	0	0
YDR256C	0	0	0	0	0	0	0	0
YDR297W	0	0	0	0	0	0	0	0
YMR272C	0	0	0	0	0	0	0	0
YHL003C	0	0	0	0	0	0	0	0
YMR298W	0	0	0	0	0	0	0	0
YKL008C	0	0	0	0	0	0	0	0
YLR307W	0	0	0	0	0	0	0	0
YLR308W	0	0	0	0	0	0	0	0
YBR023C	0	0	0	0	0	0	0	0
YBR038W	0	0	0	0	0	0	0	0
YNL192W	0	0	0	0	0	0	0	0
YLR133W	0	0	0	0	0	0	0	0
YGR202C	0	0	0	0	0	0	0	0
YPR060C	0	0	0	0	0	0	0	0
YGL148W	0.015690694	0.007009575	0.009369787	0.011073786	0.014441412	0.012112368	0.012919504	0.003297361
YLR304C	0.00144497	0.022272416	0.009695106	0.007981433	0.001322741	0.005920462	0.001173846	0.000232405
YBR002C	0	0	0	0	0	0	0	0
YMR101C	0	0	0	0	0	0	0	0
YNR001C	0.000389678	0.00699084	0.003004542	0.002461397	0.000350938	0.00180818	0.000303746	5.36e-06
YCR005C	0	0	0	0	0	0	0	0
YDR044W	0	0	0	0	0	0	0	0
YBL039C	0	0	0	0	0	0	0	0
YJR103W	0.000103279	0	2.19e-05	4.38e-05	8.72e-05	5.72e-05	6.76e-05	0
YFR055W	0	0	0	0	0	0	0	0
YGL184C	0	0	0	0	0	0	0	0
YGR155W	0	0	0	0	0	0	0	0
YAL012W	0	0	0	0	0	0	0	0
YJR130C	0	0	0	0	0	0	0	0
YLR303W	0	0	0	0	0	0	0	0
YNL247W	0	0	0	0	0	0	0	0
YLR245C	0	0	0	0	0	0	0	0
YNR012W	0	0	0	0	0	0	0	0
YHR007C	0.000514585	0.000176712	0.000268573	0.000334893	0.000465962	0.000375315	0.000406729	3.22e-05
YHR042W	0.000677051	0.000249861	0.000366006	0.000449854	0.000615575	0.000500966	0.000540684	6.72e-05
YPR062W	0	0	0	0	0	0	0	0
YML086C	0	0	0	0	0	0	0	0
YMR041C	0	0	0	0	0	0	0	0
YBR149W	0	0	0	0	0	0	0	0
YKL060C	0	0.001304953	0.001771361	0.002108091	0	0	0	0
YDL246C	0	0	0	0	0.00501675	0	0	0
YJR159W	0	0	0	0	0	0	0	0
YHR144C	0	0	0	0	0	0	0	0
YDR454C	0	0	0	0	0	0	0	0
YHR068W	0	0	0	0	0	0	0	0
YCR036W	0	0	0	0	0	0	0.073586496	0
YDR196C	0	0	0	0	0	0	0	0
YNR057C	0	0	0	0	0	0	0	0
YPL087W	0	0	0	0	0	0	0	0
YOR236W	0	0	0	0	0	0	0	0
YMR113W	0	0	0	0	0	0	0	0
YDL100C	0	0	0	0	0	0	0	0
YLR420W	0.001677488	0.000700299	0.000965977	0.001157784	0.001536863	0.001274696	0.001365551	0.00028243
YJR016C	0.002312072	0.000986015	0.001346544	0.00160683	0.002121243	0.001765479	0.00188877	0.000418962
YFL053W	0	0	0	0	0	0	0	0
YML070W	0	0	0	0	0	0	0	0
YJL167W	0.004966158	0.002180992	0.002938223	0.003484914	0.004565353	0.003818127	0.00407708	0.000989991
YKL152C	0	0	0	0	0	0	0	0
YLR172C	0	0	0	0	0	0	0	0
YMR013C	0	0	0	0	0	0	0	0
YPR183W	0.000187867	2.96e-05	7.26e-05	0.000103701	0.000165093	0.000122635	0.000137349	0
YAL023C	0	0	0	0	0	0	0	0
YDL095W	0	0	0	0	0	0	0	0
YDL093W	0.000703768	0.00026189	0.000382028	0.00046876	0.000640179	0.000521628	0.000562712	7.29e-05
YJR143C	0	0	0	0	0	0	0	0
YOR321W	0	0	0	0	0	0	0	0
YJR057W	0	0	0	0	0	0	0	0
YJR069C	0	0	0	0	0	0	0	0
YBR252W	0	0	0	0	0	0	0	0
YJR153W	0	0	0	0	0	0	0	0
YPL281C	0	0	0	0	0	0	0	0
YGR254W	0.018060866	0.000402415	0.000569204	0.002430005	0.007217479	0.004114859	0.005881117	0.000306259
YHR174W	0	0	0	0	0	0	0	0
YMR323W	0	0	0	0	0	0	0	0
YOR393W	0	0	0	0	0	0	0	0
YDR147W	0	0	0	0	0	0	0	0
YOR126C	0	0	0	0	0	0	0	0
YDR261C	0	0	0	0	0	0	0	0
YGR282C	0	0	0	0	0	0	0	0
YLR300W	0	0	0	0	0	0	0	0
YNR067C	0	0	0	0	0	0	0	0
YOR190W	0	0	0	0	0	0	0	0
YPL069C	0	0	0	0	0	0	0	0
YER015W	0	0	0	0	0	0	0	0
YOR176W	0	0	0	0	0	0	0	0
YKR066C	0	0	0	0	0	0	0	0
Q0045	0.002197795	0.009977812	0.011057068	0.008619317	0.005832519	0.007174912	0.005614314	0.00197311
Q0250	0.001016388	0.004796303	0.005320656	0.004136278	0.00278232	0.00343452	0.002676305	0.000907224
Q0275	0.001086438	0.005103535	0.005660791	0.004402095	0.002963178	0.003656303	0.002850511	0.000970425
YDL067C	0.000172117	0.001093461	0.00122127	0.000932579	0.000602559	0.000761531	0.000576718	0.000145509
YGL187C	0.000569921	0.002838164	0.003152816	0.0024421	0.001629618	0.002020988	0.001566001	0.000504414
YGL191W	0.000487017	0.00247456	0.002750273	0.00212751	0.001415574	0.001758512	0.00135983	0.000429617
YHR051W	0.000577698	0.002872272	0.003190577	0.00247161	0.001649696	0.00204561	0.001585341	0.000511431
YIL111W	0.000572035	0.002847436	0.003163081	0.002450119	0.001635076	0.002027682	0.001571258	0.000506322
YLR038C	0.000282504	0.001577599	0.001757255	0.001351455	0.000887557	0.001111018	0.000851234	0.000245102
YLR395C	0.000596131	0.00295312	0.003280083	0.002541556	0.001697289	0.002103973	0.001631183	0.000528062
YMR256C	0.000170912	0.001088177	0.00121542	0.000928011	0.000599448	0.000757716	0.000573722	0.000144422
YHR116W	0	0	0	0	0	0	0	0
YDR231C	0	0	0	0	0	0	0	0
YGR062C	0	0	0	0	0	0	0	0
YJL003W	0	0	0	0	0	0	0	0
YPL132W	0	0	0	0	0	0	0	0
YLL018C-A	0	0	0	0	0	0	0	0
Q0105	0.005277938	0.023487131	0.026013169	0.020307537	0.013784995	0.016926879	0.013274283	0.004752066
YBL045C	0.006087514	0.027037924	0.029944242	0.023379664	0.015875212	0.019490076	0.015287617	0.005482477
YDR529C	0.001694225	0.007769209	0.008611938	0.006708437	0.004532382	0.005580582	0.004361997	0.001518781
YEL024W	0.002778312	0.012523902	0.013875828	0.010822189	0.007331322	0.009012862	0.007057988	0.002496862
YFR033C	0.002025865	0.009223745	0.010222245	0.0079669	0.005388624	0.006630572	0.005186745	0.001817992
YGR183C	0.000820994	0.003939336	0.004371915	0.003394834	0.002277847	0.002815897	0.002190387	0.000730937
YHR001W-A	0.000958552	0.004542644	0.005039832	0.003916816	0.002632998	0.00325141	0.002532475	0.000855044
YJL166W	0.001251935	0.005829383	0.006464371	0.005030101	0.003390464	0.004180273	0.00326208	0.001119739
YOR065W	0.004095145	0.018299442	0.020269898	0.015819169	0.010731189	0.013182052	0.010332803	0.003684931
YPR191W	0.00488645	0.021770071	0.024112217	0.018821944	0.012774225	0.015687389	0.012300691	0.004398859
YDL045C	0	0	0	0	0	0	0	0
YLR011W	0	0	0	0	0	0	0	0
YOR388C	0	0.013193405	0	0.000631962	0	0.000936897	0	0.003121848
YGR204W	0	0.003229669	0.000311751	0	0	0	0	0.000735935
YBR084W	0	9.24e-05	0	9e-05	0	0.000172364	0	0
YLR345W	0	0	0	0	0	0	0	0
YJL155C	0	0	0	0	0	0	0	0
YLR377C	0	0.000532652	0.000742676	0.000894302	0	0	0	0
YPL262W	0	0.000844369	0.000295673	0.000217038	0	0.000125303	0	0
YKL216W	0.000347694	0.000101571	0.000168487	0.000216798	0.000312275	0.000246243	0.000269127	0
YEL047C	0	0	0	0.053595691	0	0	0	0
YLR299W	0	0	0	0	0	0	0	0
YBR020W	0	0	0	0	0	0.034305291	0	0
YBR018C	0	0	0	0	0	0.015489162	0	0
YJL101C	0	0	0	0	0	0	0	0
YPR184W	0	0	0	0	0	0	0	0
YIL099W	0	0	0	0	0	0	0	0
YNL241C	0.000303801	0	0	0	0.000311989	0.000318421	0.00026887	8.43e-05
YBR196C	0.00370279	0	0	0	0.000433765	0.000565294	0.000377901	0.000111379
YDR300C	0.000758562	0.000286561	0.000414889	0.000507537	0.000690638	0.000564006	0.00060789	8.47e-05
YMR250W	0	0.00293547	0	0.004589963	0	0	0	0
YDL215C	0	0	0	0	0	0	0	0
YAL062W	0	0	0	0	0	0	0	0
YOR375C	0.005665503	0.011998621	0.003784214	0.004988746	0.005209369	0.005625375	0.004653694	0.002249464
YDL171C	0	0	0	0	0	0	0	0
YOR323C	1.74e-05	0	0	0	8.09e-06	0	0	0
YFL060C	0	0	0	0	0	0	0	0
YNL334C	0	0	0	0	0	0	0	0
YPR035W	0.000647115	0.000236382	0.000348052	0.000428671	0.000588007	0.000477813	0.000516001	6.07e-05
YMR084W	0	0	0	0	0	0	0	0
YKL104C	0	0	0	0	0	0	0	0
YOR168W	0.00380429	0.001657872	0.002241441	0.002662757	0.003495405	0.002919548	0.003119113	0.000740014
YGL245W	0.022241084	0.009958775	0.013298066	0.015708933	0.020473557	0.01717835	0.018320311	0.004706649
YOL033W	0	0	0	0	0	0	0	0
YCL035C	0	0	0	0	0	0	0	0
YPL091W	0	0	0	0	0	0	0	0
YDR098C	0	0	0	0	0	0	0	0
YDR513W	0	0	0	0	0	0	0	0
YER174C	0	0	0	0	0	0	0	0
YPL059W	0	0	0	0	0	0	0	0
YNL229C	0	0	0	0	0	0	0	0
YBR244W	0	0	0	0	0	0	0	0
YIR037W	0	0	0	0	0	0	0	0
YKL026C	0	0	0	0	0	0	0	0
YOL049W	0	0	0	0	0	0	0	0
YGR192C	0	0	0	0	0	0	0	0
YJL052W	0.110887987	0.002942803	0.003952937	0.015222758	0.045130055	0.025427125	0.03694068	0.004044202
YJR009C	0	0	0	0	0	0	0	0
YOR120W	0	0	0	0	0	0	0	0
YHL032C	0	0	0	0.000679543	0	0	0	0
YER062C	0	0	0	0	0	0	0	0
YIL053W	0	0	0	0	0	0	0	0
YIL155C	0	0	0	0.035254206	0	0	0	0
YDL022W	0	0	0	0	0	0	0	0
YOL059W	0	0	0	0	0	0	0	0
YPL110C	0	0	0	0	0	0	0	0
YDR408C	0.000207346	3.84e-05	8.43e-05	0.000117485	0.000183031	0.000137699	0.000153409	0
YAL044C	0	1.69e-05	0	0	0	0	0	0
YDR019C	0	0.000176633	0	0	0	0	0	0
YFL018C	0.001953697	0.000236	0	0.001803669	0.001791221	0.004292355	0.001593319	0.000381066
YMR189W	0	0.00061198	0	0	0	0	0	0
YLR058C	0.001568159	0.033159945	0.000822246	0.001080421	0.001436185	0.001190142	0.001275409	0.008566083
YBR263W	0	0.032867548	0.001471305	0.001844067	0	0.002024763	0	0.003958387
YDR148C	0	0	0	0	0	0	0	0
YIL125W	0	0	0	0	0	0	0	0
YFR015C	0	0	0	0	0	0	0	0
YJL137C	0	0	0	0	0	2.31e-05	0	0
YKR058W	0	0	0	0	0	0	0	0
YLR258W	0	0	0	0	0	0.000121206	0	0
YPR160W	0	0	0	0	0	0	0	0
YBR121C	0	0	0	0	0	0	0	0
YPR081C	0.001550895	0.000643302	0.000890059	0.001068209	0.001420287	0.001176791	0.001261175	0.000255193
YMR217W	0.006544421	0.002891588	0.003884719	0.004601723	0.006018751	0.005038741	0.005378366	0.001329554
YMR281W	0	0	0	0	0	0	0	0
YCL052C	0	0	0	0	0	0	0	0
YJR013W	0	0	0	0	0	0	0	0
YKL165C	0	0	0	0	0	0	0	0
YBR004C	0	0	0	0	0	0	0	0
YGL142C	0	0	0	0	0	0	0	0
YDR302W	0	0	0	0	0	0	0	0
YLL031C	0	0	0	0	0	0	0	0
YGR267C	0	0	0	0	0	0	0	0
YBL033C	0	0	0	0	0	0	0	0
YDL238C	0	0	0	0	0	0	0	0
YDR399W	0	0	0	0	0	0	0	0
YER141W	0	0	0	0	0	0	0	0
YPL172C	0	0	0	0	0	0	0	0
YLR446W	0	0	0	0	0	0	0	0
YFR053C	0	0	0	0	0.004141018	0	0	0
YGL253W	0	0	0	0	0	0	0	0
YCL040W	0	0	0	0	0	0	0	0
YCL030C	0.000116672	0	2.99e-05	5.33e-05	9.95e-05	6.76e-05	7.86e-05	0
YFR025C	0	0	0	0	0	0	0	0
YIL116W	0	0	0	0	0	0	0	0
YPR033C	2.65e-05	0	0	0	1.65e-05	0	4.28e-06	0
YBR034C	0	0	0	0	0	0	0	0
YJL200C	0	0	0	0	0	0	0	0
YDL131W	0.028589973	0.012817233	0.017105485	0.020201477	0.026320137	0.02208848	0.023554968	0.006072572
YDL182W	0	0	0	0	0	0	0	0
YLL062C	0	0	0	0	0	0	0	0
YPL273W	0	0	0	0	0	0	0	0
YIL094C	0.000758575	0.000286567	0.000414896	0.000507546	0.00069065	0.000564016	0.000607901	8.47e-05
YJR139C	0.000843619	0.000324857	0.000465898	0.000567725	0.000768966	0.000629788	0.00067802	0.000103022
YHR025W	0.000425085	0.000136415	0.000214899	0.000271562	0.000383544	0.000306097	0.000332936	1.3e-05
YNL277W	0	0	0	0	0	0	0	0
YDR453C	0	0	0	0	0	0	0	0
YGR209C	0.000133456	5.11e-06	4e-05	6.52e-05	0.000114987	8.06e-05	9.25e-05	0
YLR043C	0	0	0	0	0	0	0	0
YBL064C	0	0	0	0	0	0	0	0
YCR083W	0	0	0	0	0	0	0	0
YLR109W	0	0	0	0	0	0	0	0
YDR272W	0	0	0	0	0	0	0	0
YOR040W	0	0	0	0	0	0	0	0
YNR041C	0	0	0	0	0	0	0	0
YPL214C	0	0	0	0	0	0	0	0
YDL205C	0	0	0	0	0	0	0	0
YLR450W	0.000412921	0.000130938	0.000207604	0.000262954	0.000372341	0.000296689	0.000322907	1.04e-05
YML075C	0.000416211	0.00013242	0.000209577	0.000265282	0.000375372	0.000299234	0.00032562	1.11e-05
YML126C	0.027272649	0.012224136	0.016315489	0.019269322	0.025107037	0.021069683	0.022468836	0.005789159
YOL055C	0	0	0	0	0	0	0	0
YPL258C	0	0	0	0	0	0	0	0
YPR121W	0	0	0	0	0	0	0	0
YBR248C	0	0	0	0	0	0	0	0
YOR202W	0	0	0	0	0	0	0	0
YHR216W	0	0	0	0	0	0	0	0
YLR432W	0	0	0	0	0	0	0	0
YML056C	0.001019948	0.000404247	0.000571644	0.000692495	0.000931344	0.000766159	0.000823405	0.000140959
YBR011C	0	0	0	0	0	0	0	0
YMR267W	0	0.003812062	0.002813686	0	0.000742856	0	0.000654642	9.8e-05
YLR028C	0.001857174	0.000781202	0.001073737	0.001284938	0.001702334	0.001413664	0.001513704	0.00032109
YMR120C	0.002666965	0.001145803	0.001559377	0.001857963	0.002448059	0.00203995	0.002181381	0.000495317
YDR315C	0	0	0	0	0	0	0	0
YDR173C	0	0	0	0	0	0	0	0
YER019W	0	0	0	0	0	0	0	0
YNL037C	0	0	0	0	0	0	0	0
YOR136W	0	0	0	0	0	0	0	0
YLR174W	0.000935627	0.002543368	0.000521076	0.003867892	0.000148434	0.000700952	0.000122439	0
YNL009W	0	0	0	0	0	0	0	0
YER065C	0	0.073032844	0.035092953	0.007717736	0	0.019049023	0	0
YBL076C	0.000275165	6.89e-05	0.00012499	0.000165475	0.000245484	0.00019015	0.000209326	0
YPL040C	0	0	0	0	0	0	0	0
YPL117C	0	0	0	0	0	0	0	0
YGR244C	0	0	0	0	0	0	0	0
YOR142W	0	0	0	0	0	0	0	0
YBL098W	0	0	0	0	0	0	0	0
YLR089C	0	0	0	0	0	0	0	0
YEL046C	0	0	0	0	0	0	0	0
YMR226C	0	0	0	0	0	0	0	0
YBR115C	0.001257007	0.000510981	0.000713811	0.000860247	0.001149649	0.000949499	0.001018862	0.000191963
YGL154C	0.000168029	2.07e-05	6.07e-05	8.97e-05	0.000146824	0.000107292	0.000120992	0
YDR321W	0	0	0	0	0	0	0	0
YLR155C	0	0	0	0	0	0	0	0
YLR157C	0	0	0	0	0	0	0	0
YLR158C	0	0	0	0	0	0	0	0
YLR160C	0	0	0	0	0	0	0	0
YER023W	0	0	0	0	0	0	0	0
YOL151W	0	0	0	0	0	0	0	0
YCL064C	0	0	0	0	0	0	0	0
YER086W	0	0	0	0	0	0	0	0
YJR078W	0	0	0	0	0	0	0	0
YML004C	0	0	0	0	0	0	0	0
YHR072W	0.000604591	0.000217237	0.000322551	0.000398584	0.000548848	0.000444926	0.000480941	5.16e-05
YPL160W	0.001148856	0.000462287	0.000648952	0.000783713	0.001050054	0.000865856	0.00092969	0.000168694
YLR382C	0	0	0	0	0	0	0	0
YNL045W	0	0	0	0	0	0	0	0
YDR037W	0.000441685	0.00014389	0.000224854	0.000283304	0.00039883	0.000318936	0.000346623	1.65e-05
YNL073W	0	0	0	0	0	0	0	0
YKL085W	0	0.00411625	0.002372338	0.001169982	0.000123582	0.001078775	0.000100184	0
YOL126C	0	0	0	0	0	0	0	0
YDL078C	0	0	0	0	0	0	0	0
YIR031C	0	0.015129507	0.020185401	0	0	0.006347238	0	0
YNL117W	0	0.015866958	0.021167676	0	0	0.006659426	0	0
YKL029C	0.000545973	0.000318168	0.000456988	0	4.74e-06	0	0	0
YKL192C	0	0	0	0	0	0	0	0
YOR221C	0	0	0	0	0	0	0	0
YDL055C	3.58e-05	0	0	0	2.5e-05	5e-06	1.19e-05	0
YER003C	0.000129738	3.44e-06	3.78e-05	6.26e-05	0.000111563	7.77e-05	8.94e-05	0
YDR502C	0	0	0	0	0	0	0	0
YLR180W	0.009279388	0.004122975	0.005524898	0.006537037	0.008537342	0.007153938	0.00763336	0.001917981
YBL013W	0	0	0	0	0	0	0	0
YGR264C	0.013384896	0.005971424	0.007986992	0.009442167	0.01231804	0.010329092	0.011018366	0.002801274
YGR171C	0	0	0	0	0	0	0	0
YKR080W	0	0	0	0	0	0	0	0
YPR006C	0	0	0	0	0	0	0	0
YMR208W	0.000356898	0.000105715	0.000174007	0.000223311	0.000320751	0.000253362	0.000276716	0
YNR043W	0.001759019	0.000737008	0.001014873	0.001215482	0.001611945	0.001337752	0.001432774	0.000299972
YBR036C	0	0	0	0	0	0	0	0
YBR161W	0	0	0	0	0	0	0	0
YPL057C	0	0	0	0	0	0	0	0
YDR287W	0.000434252	0.000140543	0.000220397	0.000278044	0.000391985	0.000313187	0.000340495	0
YHR046C	0	0	0	0	0	0	0	0
YJL153C	0.001488601	0.000615254	0.0008527	0.001024128	0.00136292	0.001128612	0.001209812	0.000241791
YFL017C	0	0	0	0	0	0	0	0
YJL071W	0	0	0	0	0	0	0	0
YMR062C	0.000457826	0.000151157	0.000234534	0.000294726	0.000413694	0.000331419	0.000359931	2e-05
YDR428C	0	0	0	0	0	0	0	0
YDR402C	0	0	0	0	0	0	0	0
YDR403W	0	0	0	0	0	0	0	0
YGL067W	0	0	0	0	0	0	0	0
YEL041W	0	0	0	0	0	0	0	0
YJR049C	0	0	0	0	0	0	0	0
YPL188W	0	0	0	0	0	0	0	0
YDL042C	0	0	0	0	0	0	0	0
YDR191W	0	0	0	0	0	0	0	0
YOL068C	0	0	0	0	0	0	0	0
YOR025W	0	0	0	0	0	0	0	0
YPL015C	0	0	0	0	0	0	0	0
YHR074W	0	0	0	0	0	0	0	0
YDL085W	0.001142541	0.000828275	0.005337902	0.002201994	0.003710873	0.003007216	0.003604879	0.001142883
YMR145C	0	0	0	0	0	0	0	0
YML120C	0.000297872	0.00584299	0.002384597	0.003650197	0.000367502	0.00192726	0.000318577	0.000145839
YOR209C	0	0	0	0	0	0	0	0
YGL037C	0	0	0	0	0	0	0	0
YLR285W	0	0	0	0	0	0	0	0
YCL047C	0	0	0	0	0	0	0	0
YLR328W	0	0	0	0	0	0	0	0
YGR010W	0	0	0	0	0	0	0	0
YFR047C	0	0	0	0	0	0	0	0
YEL042W	0	0	0	0	0	0	0	0
YKL067W	4.88e-05	0	0	5.31e-06	3.71e-05	7.92e-05	2.27e-05	0
YAL035W	0	0	0	0	0	0	0	0
YLL001W	0	0	0	0	0	0	0	0
YLL058W	0	0	0	0	0	0	0	0
YML082W	0	0	0	0	0	0	0	0
YJL088W	0	0	0	0	0	0	0	0
YKL184W	0	0	0	0	0	0	0	0
YLR438W	0	0	0	0	0	0	0	0
YML106W	0.000149723	1.24e-05	4.98e-05	7.67e-05	0.000129967	9.31e-05	0.000105899	0
YMR271C	0	0	0	0	0	0	0	0
YEL021W	0	0	0	0	0	0	0	0
YGR277C	0	0	0	0	0	0	0	0
YDR531W	0	0	0	0	0	0	0	0
YIL145C	0	0	0	0	0	0	0	0
YJR019C	0	0	0	0	0	0	0	0
YFL022C	0	0	0	0	0	0	0	0
YLR060W	0	0	0	0	0	0	0	0
YPR047W	0	0	0	0	0	0	0	0
YDR380W	0	0	0	0	0	0	0	0
YGL234W	0.002307991	0.000984178	0.001344096	0.001603945	0.002117485	0.001762322	0.001885405	0.000418084
YEL058W	0	0	0	0	0	0	0	0
YPR167C	0.000533033	0.000185018	0.000279637	0.000347944	0.000482952	0.000389583	0.00042194	3.62e-05
YKR097W	0	0.002625762	0.003530646	0	0	0	0	0
YGR007W	0	0	0	0	0	0	0	0
YMR205C	0.012926826	0	0	0	0.005103374	0.002750354	0.003095512	0.000152104
YGR240C	0	0	0	0	0	0	0	0
YMR105C	0.000315701	8.72e-05	0.0001493	0.000194155	0.000282814	0.003174502	0.000242749	0
YKL127W	0.000161513	1.77e-05	5.68e-05	8.51e-05	0.000140823	0.001959947	0.000115619	0
YGR256W	0	0	0	0	0	0	0	0
YHR183W	0.006434458	0	0	0	0.006566964	0.00667106	0.005869198	0.00288234
YER081W	1.95e-05	0	0	0	1e-05	0	0	0.000103287
YIL074C	3.21e-05	0	0	0	2.17e-05	0	8.93e-06	0.000124807
YCR012W	0.007404172	0.000105752	0.000174056	0.0009361	0.002958301	0.001626088	0.002404582	0.000180227
YOR283W	0.002703684	0	3.31e-06	0.000290585	0.001029686	0.0005507	0.000823377	0
YFL045C	0.023580927	0.010562014	0.01410157	0.016657018	0.021707396	0.018214565	0.019425012	0.004994909
YMR220W	0.002964154	0.001279609	0.001737603	0.002068256	0.002721736	0.002269793	0.002426415	0.000559258
YIL083C	0	0	0	0	0	0	0	0
YKL088W	0	0	0	0	0	0	0	0
YKR072C	0	0	0	0	0	0	0	0
YOR054C	0	0	0	0	0	0	0	0
YMR278W	0	0	0	0	0	0	0	0
YAR015W	0	0	0	0	0	0	0	0
YOR128C	5.26e-05	0	0	7.99e-06	4.05e-05	1.8e-05	2.58e-05	0
YDR007W	0	0	0	0	0	0	0	0
YMR300C	0	0	0	0	0	0	0	0
YKL181W	0.023267558	0.010420926	0.013913642	0.016435279	0.02141882	0.01797221	0.019166639	0.00492749
YER099C	0.017166977	0.007674248	0.010255118	0.012118422	0.015800897	0.013254107	0.014136703	0.003614978
YHL011C	0	0	0	0	0	0	0	0
YBL068W	0	0	0	0	0	0	0	0
YOL061W	0	0	0	0	0	0	0	0
YGR208W	0	0	0	0	0	0	0	0
YOR184W	0.013896257	0	0	0	0.012788944	0	0.011439985	0.023715031
YBR183W	0	0	0	0	0	0	0	0
YDR294C	0	0	0	0	0	0	0	0
YMR020W	0	0	0	0	0	0	0	0
YGL040C	0	0	0	0	0	0	0	0
YNL316C	0	0	0	0	0	0	0	0
YBR166C	0.000151367	1.32e-05	5.07e-05	7.79e-05	0.000131481	9.44e-05	0.000107254	0
YLR142W	0	0	0	0	0	0	0	0
YHR020W	0.002796804	0.001204261	0.001637242	0.001949839	0.002567626	0.002140366	0.002288434	0.000523252
YER014W	0	0	0	0	0	0	0	0
YDR400W	0	0	0	0	0	0	0	0
YLR209C	0	0	0	0	0	0	0	0
YBR035C	0	0	0	0	0	0	0	0
YBR218C	0.003718912	0	0	0.001888746	0.002488124	0	0.002217253	0.000504678
YGL062W	0.007774018	0	0	0.004000493	0.005236314	0	0.004677818	0.00114675
YBR221C	0.001422875	0	0	0.001285191	0.001302394	0.003124034	0.001155625	0.000227651
YER178W	0.001662007	0	0	0.001502703	0.001522607	0.003630293	0.001352791	0.0002791
YGR193C	0.001624696	0	0	0.001468762	0.001488249	0.003551304	0.001322028	0.000271073
YNL071W	0.001870174	0	0	0.001692049	0.001714306	0.004070999	0.001524427	0.000323888
YAL038W	0.02071839	0	0	0.002710328	0.008206321	0.004645998	0.006678013	0.000335213
YOR347C	0	0	0	0	0	0	0	0
YDR236C	0	0	0	0	0	0	0	0
YOL143C	0	0	0	0	0	0	0	0
YBR256C	0.00185826	0.00078169	0.001074389	0.001285703	0.001703334	0.001414504	0.001514599	0.000321323
YER070W	0	0	0	0	0	0	0	0
YGR180C	0	0	0	0	0	0	0	0
YIL066C	0	0	0	0	0	0	0	0
YJL026W	0	0	0	0	0	0	0	0
YOR095C	0.005230045	0.000337342	0.000482528	0.000587344	0.005241582	0.005167749	0.03741024	0.005169649
YNL129W	0	0	0	0	0	0	0	0
YJL121C	0.00050159	0	0	0	0.000521339	0.000543336	0.00374339	0
YML008C	0	0	0	0	0	0	0	0
YJL068C	0	0	0	0	0	0	0	0
YIR034C	0.000703418	0.000261732	0.000381818	0.000468512	0.000639856	0.000521358	0.000562424	7.29e-05
YNR050C	0	0	0	0	0	0	0	0
YDL040C	0	0	0	0	0	0	0	0
YGR147C	0	0	0	0	0	0	0	0
YHR013C	0	0	0	0	0	0	0	0
YBR058C-A	0	0	0	0	0	0	0	0
YDR062W	0	0	0	0	0	0	0	0
YMR296C	0	0	0	0	0	0	0	0
YDR023W	0	0	0	0	0	0	0	0
YHR011W	0.002948876	0.001272731	0.001728441	0.002057449	0.002707667	0.002257978	0.002413819	0.00053443
YBR213W	0	0	0	0	0	0	0	0
YPR069C	0	0	0	0	0	0	0	0
YLR146C	0	0	0	0	0	0	0	0
YJL134W	0	0	0	0	0	0	0	0
YKR053C	0	0	0	0	0	0	0	0
YLR260W	0	0	0	0	0	0	0	0
YOR171C	0	0	0	0	0	0	0	0
YGR175C	0.024862067	0.011138822	0.014869868	0.017563568	0.022887175	0.019205378	0.020481312	0.005270539
YHR190W	0.000978699	0.000385676	0.000546907	0.000663311	0.000893359	0.000734258	0.000789395	0.000132084
YDR178W	0	0	0	0	0	0	0	0
YJL045W	0	0	0	0	0	0	0	0
YKL141W	0	0	0	0	0	0	0	0
YLL041C	0	0	0	0	0	0	0	0
YKL148C	0	0	0	0	0	0	0	0
YLR164W	0	0	0	0	0	0	0	0
YBR006W	0	0.006436062	0	0.009998581	0	0	0	0
YIL162W	0	0	0	0	0	0	0	0
YJR010W	0	0	0	0	0	0	0	0
YFR030W	0	0	0	0	0	0	0	0
YJR137C	0	0	0	0	0	0	0	0
YLL057C	0	0	0	0	0	0	0	0
YKL132C	0	0	0	0	0	0	0	0
YOR241W	0	0	0	0	0	0	0	0
YOR143C	0	0	0	0	0	0	0	0
YIL010W	0	0	0	0	0	0	0	0
YDR353W	0	0	0	0	0	0	0	0
YHR106W	0	0	0	0	0	0	0	0
YIL078W	0.006101766	0.002692288	0.003619256	0.004288493	0.005611118	0.004696396	0.005013395	0.001234317
YKL194C	0	0	0	0	0	0	0	0
YOR074C	0	0	0	0	0	0	0	0
YBR003W	0	0	0	0	0	0	0	0
YGR043C	0	0	0	0	0	0	0	0
YLR354C	0.021119438	0	0	0	0.007921211	0.003944619	0.001068456	0.000794089
YBR117C	0	0	0	0	0	0	0	0
YPR074C	0.002712633	6.2e-05	0.000115788	0.000154613	0.002804965	0.002907808	0.017869338	0.003501532
YDR050C	3.73e-05	0	0	0	0	0	0	0
YGL026C	0	0	0	0	0	0	0	0
YOL097C	0.001174175	0.000473687	0.000664136	0.000801634	0.00107337	0.000885438	0.000950566	0.000174141
YDR268W	0	0	0	0	0	0	0	0
YGR185C	0.001142339	0.000459353	0.000645043	0.000779105	0.001044052	0.000860816	0.000924317	0.000167292
YPL097W	0	0	0	0	0	0	0	0
YLR189C	0	0	0	0	0	0	0	0
YDL103C	0	0	0	0	0	0	0	0
YBR019C	0	0	0	0	0	0.025276671	0	0
YKL024C	0	0	0	0	0	0	0	0
YHR128W	0	0	0	0	0	0	0	0
YIR032C	0	0	0	0	0	0	0	0
YDR020C	0	0	0	0	0	0	0	0
YDR047W	0	0	0	0	0	0	0	0
YKR069W	0	0	0	0	0	0	0	0
YOR278W	0	0	0	0	0	0	0	0
YHL012W	0.000749037	0.000282272	0.000409177	0.000500797	0.000681867	0	0.000600037	8.27e-05
YKL035W	0	0	0	0	0	0	0	0
YGR094W	0.000747118	0.000281408	0.000408026	0.000499439	0.000680099	0.000555155	0.000598455	8.23e-05
YJR133W	0	0	0	0	0	0	0	0
YLR070C	0	0	0	0	0	0	0	0.000610751
YGR194C	0	0	0	0	0	0	0	0.33416309
YFL001W	0	0	0	0	0	0	0	0
YGL063W	0	0	0	0	0	0	0	0
YNL292W	0	0	0	0	0	0	0	0
YPL212C	0	0	0	0	0	0	0	0
YEL029C	0	0	0	0	0	0	0	0
YKR043C	0	0	0	0	0	0	0	0
YDL066W	0	0	0	0.000177231	0.001419801	0	0.00126074	0.00025508
YKL182W	0.023100914	0.010345898	0.013813706	0.016317359	0.02126536	0.01784333	0.019029241	0.004891637
YPL231W	0.020894899	0.009352681	0.012490759	0.014756355	0.019233879	0.016137231	0.01721038	0.004417025
YER061C	0	0	0	0	0	0	0	0
YKL055C	0	0	0	0	0	0	0	0
YHR067W	0	0	0	0	0	0	0	0
YBR026C	0	0	0	0	0	0	0	0
YJL196C	0	0	0	0	0	0	0	0
YLR372W	0	0	0	0	0	0	0	0
YBR159W	0	0	0	0	0	0	0	0
YJL097W	0	0	0	0	0	0	0	0
YDL015C	0	0	0	0	0	0	0	0
YGL055W	0.014866933	0.00663869	0.008875775	0.01049088	0.013682824	0.011475282	0.01224031	0.003120131
YOR317W	0	0	0	0	0	0	0	0
YMR246W	0	0	0	0	0	0	0	0
YIL009W	0	0	0	0	0	0	0	0
YLR284C	0	0	0	0	0	0	0	0
YOR180C	0	0	0	0	0	0	0	0
YNL202W	0	0	0	0	0	0	0	0
YBL011W	0	0	0	0	0	0	0	0
YKR067W	0.058957155	0.026489161	0.035316368	0.041689404	0.054284659	0.045573779	0.048592541	0.012584147
YIL124W	0	0	0	0	0	0	0	0
YOR175C	3.87e-05	0	0	0	2.77e-05	7.27e-06	1.44e-05	0
YDL052C	0	0	0	0	0	0	0	0
YKR089C	0	0	0	0	0	0	0	0
YOR081C	0	0	0	0	0	0	0	0
YMR165C	0	0	0	0	0	0	0	0
YDR284C	0	0	0	0	0	0	0	0
YDR503C	0	0	0	0	0	0	0	0
YOR245C	0	0	0	0	0	0	0	0
YBR029C	0.00023014	4.86e-05	9.8e-05	0.000133614	0.000204021	0.000155328	0.000172203	0
YER026C	0	0	0	0	0	0	0	0
YPR113W	0.000337554	9.7e-05	0.000162405	0.000209619	0.000302937	0.000238401	0.000260766	0
YBR042C	0	0	0	0	0	0	0	0
YNL169C	0.043672179	0.019607609	0.026150182	0.030873748	0.040209052	0.033752761	0.035990197	0.009295816
YGR170W	0	0	0	0	0	0	0	0
YGR157W	0	0	0	0	0	0	0	0
YJR073C	0	0	0	0	0	0	0	0
YOR311C	0	0	0	0	0	0	0	0
YHR123W	0	0	0	0	0	0	0	0
YNL130C	0	0	0	0	0	0	0	0
YCL004W	0	0	0	0	0	0	0	0
YHR100C	0	0	0	0	0	0	0	0
YDL142C	0	0	0	0	0	0	0	0
YGR110W	0	0	0	0	0	0	0	0
YPR140W	0	0	0	0	0	0	0	0
YJL100W	0	0	0	0	0	0	0	0
YLR305C	0	0	0	0	0	0	0	0
YDR373W	0	0	0	0	0	0	0	0
YNL267W	0	0	0	0	0	0	0	0
YBR097W	0	0	0	0	0	0	0	0
YLR240W	0	0	0	0	0	0	0	0
YDR208W	0	0	0	0	0	0	0	0
YFR019W	0	0	0	0	0	0	0	0
YNR008W	0	0	0	0	0	0	0	0
YML059C	0	0	0	0	0	0	0	0
YMR008C	0	0	0	0	0	0	0	0
YMR006C	0	0	0	0	0	0	0	0
YOL011W	0	0	0	0	0	0	0	0
YPL268W	0	0	0	0	0	0	0	0
YPL206C	0	0	0	0	0	0	0	0
YKR031C	0	0	0	0	0	0	0	0
YNL106C	0	0	0	0	0	0	0	0
YOR109W	0	0	0	0	0	0	0	0
YJR110W	0	0	0	0	0	0	0	0
YKL212W	0	0	0	0	0	0	0	0
YIL002C	0	0	0	0	0	0	0	0
YOL065C	0	0	0	0	0	0	0	0
YLR386W	0	0	0	0	0	0	0	0
YNL325C	0	0	0	0	0	0	0	0
YKL140W	0	0	0	0	0	0	0	0
YLL012W	0	0	0	0	0	0	0	0
YLR020C	0	0	0	0	0	0	0	0
YBR204C	0	0	0	0	0	0	0	0
YMR313C	0	0	0	0	0	0	0	0
YCR068W	0	0	0	0	0	0	0	0
YDR058C	0	0	0	0	0	0	0	0
YKL094W	0	0	0	0	0	0	0	0
YBR127C	0	0	0	0	0	0	0	0
YDL185W	0	0	0	0	0	0	0	0
YEL027W	0	0	0	0	0	0	0	0
YEL051W	0	0	0	0	0	0	0	0
YGR020C	0	0	0	0	0	0	0	0
YHR026W	0	0	0	0	0	0	0	0
YHR039C-A	0	0	0	0	0	0	0	0
YKL080W	0	0	0	0	0	0	0	0
YLR447C	0	0	0	0	0	0	0	0
YMR054W	0	0	0	0	0	0	0	0
YOR332W	0	0	0	0	0	0	0	0
YPL234C	0	0	0	0	0	0	0	0
YPR036W	0	0	0	0	0	0	0	0
YOR270C	0	0	0	0	0	0	0	0
YMR319C	0	0	0	0	0	0	0	0
YMR058W	0	0	0	0	0	0	0	0
YDR072C	0	0	0	0	0	0	0	0
YDR367W	0	0	0	0	0	0	0	0
YKL004W	0	0	0	0	0	0	0	0
YNL036W	0	0	0	0	0	0	0	0
YDR071C	0	0	0	0	0	0	0	0
YNR027W	0	0	0	0	0	0	0	0
YDL024C	0	0	0	0	0	0	0	0
YAL039C	0	0	0	0	0	0	0	0
YKL087C	0	0	0	0	0	0	0	0
YAL061W	0	0	0	0	0	0	0	0
YBL080C	0	0	0	0	0	0	0	0
YBL091C	0	0	0	0	0	0	0	0
YLR244C	0	0	0	0	0	0	0	0
YBR022W	0	0	0	0	0	0	0	0
YMR087W	0	0	0	0	0	0	0	0
YBR046C	0	0	0	0	0	0	0	0
YBR070C	0	0	0	0	0	0	0	0
YGL047W	0	0	0	0	0	0	0	0
YBR111C	0	0	0	0	0	0	0	0
YBR222C	0	0	0	0	0	0	0	0
YBR229C	0	0	0	0	0	0	0	0
YBR243C	0	0	0	0	0	0	0	0
YBR281C	0	0	0	0	0	0	0	0
YNL191W	0	0	0	0	0	0	0	0
YBR295W	0	0	0	0	0	0	0	0
YCL017C	0	0	0	0	0	0	0	0
YCR107W	0	0	0	0	0	0	0	0
YDL243C	0	0	0	0	0	0	0	0
YJR155W	0	0	0	0	0	0	0	0
YNL331C	0	0	0	0	0	0	0	0
YOL165C	0	0	0	0	0	0	0	0
YPL088W	0	0	0	0	0	0	0	0
YEL031W	0	0	0	0	0	0	0	0
YEL070W	0	0	0	0	0	0	0	0
YNR073C	0	0	0	0	0	0	0	0
YER010C	0	0	0	0	0	0	0	0
YER042W	0	0	0	0	0	0	0	0
YER087W	0	0	0	0	0	0	0	0
YER163C	0	0	0	0	0	0	0	0
YHL018W	0	0	0	0	0	0	0	0
YHR008C	0	0	0	0	0	0	0	0
YHR043C	0	0	0	0	0	0	0	0
YHR044C	0	0	0	0	0	0	0	0
YHR109W	0	0	0	0	0	0	0	0
YHR119W	0	0	0	0	0	0	0	0
YDR440W	0	0	0	0	0	0	0	0
YJL168C	0	0	0	0	0	0	0	0
YIL043C	0	0	0	0	0	0	0	0
YML125C	0	0	0	0	0	0	0	0
YKL150W	0	0	0	0	0	0	0	0
YIR036C	0	0	0	0	0	0	0	0
YIR038C	0	0	0	0	0	0	0	0
YMR251W	0	0	0	0	0	0	0	0
YKR076W	0	0	0	0	0	0	0	0
YLL060C	0	0	0	0	0	0	0	0
YKL069W	0	0	0	0	0	0	0	0
YKL103C	0	0	0	0	0	0	0	0
YKL215C	0	0	0	0	0	0	0	0
YKL218C	0	0	0	0	0	0	0	0
YGR154C	0	0	0	0	0	0	0	0
YFL061W	0	0	0	0	0	0	0	0
YNL335W	0	0	0	0	0	0	0	0
YFL059W	0	0	0	0	0	0	0	0
YNL333W	0	0	0	0	0	0	0	0
YFR044C	0	0	0	0	0	0	0	0
YDL120W	0	0	0	0	0	0	0	0
YDL219W	0	0	0	0	0	0	0	0
YDL236W	0	0	0	0	0	0	0	0
YDR009W	0	0	0	0	0	0	0	0
YDR036C	0	0	0	0	0	0	0	0
YDR038C	0	0	0	0	0	0	0	0
YDR039C	0	0	0	0	0	0	0	0
YDR040C	0	0	0	0	0	0	0	0
YDR051C	0	0	0	0	0	0	0	0
YOL075C	0	0	0	0	0	0	0	0
YDR111C	0	0	0	0	0	0	0	0
YDR248C	0	0	0	0	0	0	0	0
YDR410C	0	0	0	0	0	0	0	0
YDR437W	0	0	0	0	0	0	0	0
YGR216C	0	0	0	0	0	0	0	0
YNL038W	0	0	0	0	0	0	0	0
YPL076W	0	0	0	0	0	0	0	0
YPL175W	0	0	0	0	0	0	0	0
YPL096C-A	0	0	0	0	0	0	0	0
YDR516C	0.001717532	0	0	0	0	0	0	0
YDR533C	0	0	0	0	0	0	0	0
YMR322C	0	0	0	0	0	0	0	0
YOR391C	0	0	0	0	0	0	0	0
YPL280W	0	0	0	0	0	0	0	0
YGL006W	0	0	0	0	0	0	0	0
YGL167C	0	0	0	0	0	0	0	0
YGL017W	0	0	0	0	0	0	0	0
YGL022W	0	0	0	0	0	0	0	0
YGL027C	0	0	0	0	0	0	0	0
YGL038C	0	0	0	0	0	0	0	0
YGL065C	0	0	0	0	0	0	0	0
YGL156W	0	0	0	0	0	0	0	0
YGL169W	0	0	0	0	0	0	0	0
YGL196W	0	0	0	0	0	0	0	0
YGR012W	0	0	0	0	0	0	0	0
YGR036C	0	0	0	0	0	0	0	0
YGR046W	0	0	0	0	0	0	0	0
YGR144W	0	0	0	0	0	0	0	0
YGR227W	0	0	0	0	0	0	0	0
YGR234W	0	0	0	0	0	0	0	0
YJL046W	0	0	0	0	0	0	0	0
YJL126W	0	0	0	0	0	0	0	0
YJR051W	0	0.001426616	0.000528389	0.001758279	0	0.000246013	0	0
YJR104C	0	0	0	0	0	0	0	0
YJR131W	0	0	0	0	0	0	0	0
YLR057W	0	0	0	0	0	0	0	0
YJR149W	0	0	0	0	0	0	0	0
YLR047C	0	0	0	0	0	0	0	0
YKL220C	0	0	0	0	0	0	0	0
YLR214W	0	0	0	0	0	0	0	0
YNR060W	0	0	0	0	0	0	0	0
YOL152W	0	0	0	0	0	0	0	0
YOR381W	0	0	0	0	0	0	0	0
YOR384W	0	0	0	0	0	0	0	0
YLL051C	0	0	0	0	0	0	0	0
YLR099C	0	0	0	0	0	0	0	0
YPR139C	0	0	0	0	0	0	0	0
YLR143W	0	0	0	0	0	0	0	0
YLR151C	0	0	0	0	0	0	0	0
YLR239C	0	0	0	0	0	0	0	0
YMR099C	0	0	0	0	0	0	0	0
YMR162C	0	0	0	0	0	0	0	0
YMR210W	0	0	0	0	0	0	0	0
YNL048W	0	0	0	0	0	0	0	0
YNL092W	0	0	0	0	0	0	0	0
YNL219C	0	0	0	0	0	0	0	0
YNL274C	0	0	0	0	0	0	0	0
YNR030W	0	0	0	0	0	0	0	0
YOL157C	0	0	0	0	0	0	0	0
YOR002W	0	0	0	0	0	0	0	0
YOR067C	0	0	0	0	0	0	0	0
YOR149C	0	0	0	0	0	0	0	0
YOR196C	0	0	0	0	0	0	0	0
YOR251C	0	0	0	0	0	0	0	0
YOR285W	0	0	0	0	0	0	0	0
YOR286W	0	0	0	0	0	0	0	0
YPL227C	0	0	0	0	0	0	0	0
YPR127W	0	0	0	0	0	0	0	0
YDR371W	0	0	0	0	0	0	0	0
YLR286C	0	0	0	0	0	0	0	0
YHR201C	0	0	0	0	0	0	0	0
YDR452W	0	0	0	0	0	0	0	0
YDR270W	0	0	0	0	0	0	0	0
YLR351C	0	0	0	0	0	0	0	0
YEL066W	0	0	0	0	0	0	0	0
