Protein	D_glucose	acetate	ethanol	glycerol	D_glucitol	D_galactose	D_ribose	D_xylose
P32891	0	0	0	0	0	0	0	0
P00045	0	0	0	0	0	0	0	0
P00044	0	0	0	0	0	0	0	0
P39976	0	0	0	0	0	0	0	0
P46681	0	0	0	0	0	0	0	0
P39714	0	0	0	0	0	0	0	0
P00175	0	0	0	0	0	0	0	0
P40989	0	0	0	0	0	0	0	0
Q04952	0.011823406	0.005528844	0.007490933	0.008749573	0.010845145	0.009343746	0.0099198	0.0029002
P38631	0	0	0	0	0	0	0	0
P25358	0	0	0	0	0	0	0	0
P40545	0	0	0	0	0	0	0	0
P07275	0	0.003020786	0.001553188	0	0	0	0	0.008146186
P32626	0	0	0	0	0	0	0	0
Q03677	0	0	0	0	0	0	0	0
Q12362	0.000639818	0.000249362	0.000371	0.000449096	0.00057912	0.000485962	0.000521705	8.62E-05
P33312	0.044341874	0.020886194	0.028193199	0.032884561	0.04069551	0.035099246	0.037246405	0.011082314
P25605	0	0	0	0	0	0	0	0
P07342	0.003946317	0	0.001074798	0.001539898	0.003241412	0.002029487	0.002426531	0
P53848	0	0	0	0	0	0	0	0
P10356	0	0	0	0	0	0	0	0
P53090	0	0.000374503	0	8.17E-05	0	0	0	0
P47039	0	0	0	0	0	0	0	0
P38787	0	0	0	0	0	0	0	0
P14843	0	0	0	0	0	0	0	0
P32449	0	0	0	0	0	0	0	0
O13525	0	0	0	0	0	0	0	0
P27697	0	0	0	0	0	0	0	0
P53318	0	0	0	0	0	0	0	0
Q05779	0	0	0	0	0	0	0	0
P49017	0	0	0	0	0	0	0	0
P27680	0	0	0	0	0	0	0	0
P41735	0	0	0	0	0	0	0	0
P07264	0.003971734	0.000141495	0.001326182	0.001831399	0.003341056	0.002269667	0.002626693	0
P06208	0.000991229	0	0	0.000417618	0.000822207	0.000535074	0.000630757	0
Q12166	0	0	0.000275466	0	0	0	0	0
P38891	0	0	0	0	0	0	0	0
P47176	0	0	0	0	0	0	0	0
P38840	0	0.000445316	0	0.000140087	0	0	0	0
P49367	0.012280141	0.000285357	0.00399431	0.005546074	0.01030099	0.006927473	0.008046287	0
P43635	0	0	0	0	0	0	0	0
P32179	0.000243492	0.000100825	0.000170746	0	0	0	0	7.01E-06
P22434	0	0	0	0	0	0	0	0
P06776	0	0	0	0	0	0	0	0
Q99258	0	0	0	0	0	0	0	0
P08566	0	0	0	0	0	0	0	0
P38342	0	0	0	0	0	0	0	0
Q12184	0	0	0	0	0	0	0	0
P48360	0	0	0	0	0	0	0	0
P33751	0	0	0	0	0	0	0	0
Q03034	0	0	0	0	0	0	0	0
Q05979	0	0	0	0	0	0	0	0
Q02207	0	0	0	0	0	0	0	0
P47096	0	0	0	0	0	0	0	0
P32643	0	0	0	0	0	0	0	0
P04173	0.000846805	0	0.000231633	0.000349111	0.000700153	0.000451022	0.000534042	0
P26263	0	0	0	0	0	0	0	0
P06169	0.036008322	0	0	0.001498095	0.015765736	0.000721547	0.000388358	3.01E-05
P16467	0	0	0	0	0	0	0	0
P38122	0	0	0	0	0	0	0	0
Q07471	0	0	0	0	0	0	0	0.000299151
P37254	0	0	0	0	0	0	0	0
Q03266	0	0	0	0	0	0	0	0
P17649	0	0.00199938	0	0.006409071	0	0	0	0
P16120	0	0	0	0	0	0	0	0
Q06685	0	0	0	0	0	0	0	0
Q99321	0	0	0	0	0	0	0	0
Q12494	0	0	0	0	0	0	0	0
Q07938	0	0	0	0	0	0	0	0
P40025	0	0	0	0	0	0	0	0
P53078	0	0	0	0	0	0	0	0
Q99312	0	0	0	0	0	0	0	0
P38972	0.00301515	0.001371058	0.00188324	0.002212075	0.002759568	0.00236731	0.002517811	0.000683848
P53128	0	0	0	0	0	0	0	0
P46151	0	0	0	0	0	0	0	0
P09950	0	0	0	0	0	0	0	0
P40099	0	0	0	0	0	0	0	0
P05694	0.000463682	0	0	0	0.000322562	0	0	0
P47095	0	0	0	0	0	0	0	0
Q06489	0	0	0	0	0	0	0	0
P40433	0	0	0	0	0	0	0	0
Q12471	0	0	0	0	0	0	0	0
P53315	0	0	0	0	0	0	0	0
P38858	0.006436517	0	0	0	0.005766412	0.005842509	0.004748367	6.44E-05
P06168	0.004350235	0	0.000205973	0.000327107	0.003181922	0.001108718	0.001757822	0
P27796	0	0	0	0	0	0	0	0
P41338	0	0	0	0	0	0	0	0
P32874	0	0	0	0	0	0	0	0
P48445	0	0	0	0	0	0	0	0
Q00955	0.009065913	0.004228378	0.005735405	0.006702962	0.008313893	0.007159721	0.007602552	0.002206357
P32316	0	0	0	0	0	0	0	0
Q01574	0	0	0	0	0	0	0	0
P52910	0.001431164	0.019558586	0.010988015	0.004252218	0.001266768	0.002044572	0.001095866	3.13E-05
Q01217	0.000712857	0	0	0	0.000251307	0	0	0
P00635	0	0	0	0	0	0	0	0
P35842	0	0	0	0	0	0	0	0
P24031	0	0	0	0	0	0	0	0
P38693	0	0	0	0	0	0	0	0
Q12428	0	0	0	0	0	0	0	0
P18544	0.000893484	0	0	0	0.000329371	0	0	0
Q12036	0	0	0	0	0	0	0	0
P13711	0	0	0	0	0	0	0	0
P25628	0	0	0	0	0	0	0	0
P53629	0	0	0	0	0	0	0	0
P47026	0	0	0	0	0	0	0	0
P53909	0	0	0	0	0	0	0	0
P36973	0	0	0	0	0	0	0	0
P49435	0	0	0	0	0	0	0	0
P47143	0.00010192	0	2.86E-05	4.99E-05	8.54E-05	5.99E-05	6.97E-05	0
P15274	0	0	0	0	0	0	0	0
P39954	0.008703062	0.004057031	0.0055044	0.006433654	0.007980813	0.006872331	0.007297631	0.002115056
P21182	0	0	0	0	0	0	0	0
P50277	0	0	0	0	0	0	0	0
P08678	0	0	0	0	0	0	0	0
Q12055	0.00314966	0.008511264	0.005745898	0.003460583	0.002820932	0.002768148	0.002542797	0.000645293
P07170	0	0	0	0	0	0	0	0
P26364	0	0	0	0	0	0	0	0
Q05911	0.001056604	0.00044618	0.000636345	0.000758436	0.000961711	0.000816072	0.000871951	0.00019103
P80210	0.00036631	0.000120205	0.000196874	0.000246097	0.000328052	0.000269335	0.000291863	1.73E-05
Q02196	0.000405825	0.00019405	0.0002987	0	0	0	0	5.76E-05
P53314	0	0	0	0	0	0	0	0
P43567	0	0.003222039	0	0.001159737	0	0.000157899	0	0.000154645
P40825	0.000479823	0.000173808	0.000269141	0.000330347	0.000432252	0.000359241	0.000387253	4.59E-05
P53296	0	0	0	0	0	0	0	0
P40353	0	0	0	0	0	0	0	0
P00331	0	0	0.010911941	0	0	0	0	0
Q12458	0	0	0	0	0	0	0	0
P38715	0	0	0	0	0	0	0	0.21652809
P10127	0	0	0	0	0	0	0	0
P07246	0	0	0	0	0	0	0	0
P38113	0	0	0	0	0	0	0	0
P32771	0	0	0	0	0	0	0	0
P00330	0.003337371	0	0	0	0.001386218	0	0	0
P25377	0	0	0	0	0	0	0	0
Q04894	0	0	0	0	0	0	0	0
Q04458	0	0	0	0	0	0	0	0
P54114	0	0	0	0	0	0	0	0
P47771	0	0	0	0	0	0	0	0
P54115	0.003030383	3.67E-05	0.006728193	0	0.002694283	0	0.002344882	0.000168386
P46367	0	0	0.004519065	0.002494612	0	0.001178506	0	0
P40047	0	0	0.010013766	0.005581066	0	0.002699365	0	0
P11491	0	0	0	0	0	0	0	0
P25335	0	0	0	0	0	0	0	0
P32375	0	0	0	0	0	0	0	0
P32528	0	0	0	0	0	0	0	0
P38131	0	0	0	0	0	0	0	0
P38130	0	0	0	0	0	0	0	0
P27809	0	0	0	0	0	0	0	0
P26725	0	0	0	0	0	0	0	0
P33550	0	0	0	0	0	0	0	0
P53966	0	0	0	0	0	0	0	0
P27810	0	0	0	0	0	0	0	0
P54070	0	0	0	0	0	0	0	0
P48016	0	0	0	0	0	0	0	0
P35172	0	0	0	0	0	0	0	0
P32356	0	0	0	0	0	0	0	0
Q00764	0	0	0	0	0	0	0	0
P31688	8.51E-05	0	1.78E-05	3.74E-05	6.99E-05	4.66E-05	5.55E-05	0
P38427	0	0	0	0	0	0	0	0
P38426	0.000113595	0	3.60E-05	5.85E-05	9.61E-05	6.92E-05	7.95E-05	0
P38158	0	0	0	0	0	0	0	0
P53051	0	0	0	0	0	0	0	0
P53341	0	0	0	0	0	0	0	0
P0CW40	0	0	0	0	0	0	0	0
P40884	0	0	0	0	0	0	0	0
P0CW41	0	0	0	0	0	0	0	0
P22580	0	0	0	0	0	0	0	0
Q03557	0	0	0	0	0	0	0	0
P07285	0	0	0	0	0	0	0	0
P00899	0	0	0	0	0	0	0	0
P00937	0	0	0	0	0	0	0	0
P49775	0	0	0	0	0	0	0	0
P00812	0	0	0	0	0	0	0	0.01266911
P04076	0	0	0	0	0	0	0	0
P22768	0	0.000103013	1.42E-05	0	0	0	0	0
Q05506	0.000760065	0.000306147	0.000447555	0.000538344	0.000689502	0.000581203	0.000622755	0.000116414
P38714	0	0	0	0	0	0	0	0
P49090	0	0	0	0	0	0	0	0
P49089	0	0	0	0	0	0	0	0
P38707	0.000763112	0.000307585	0.000449495	0.000540605	0.000692298	0.000583615	0.000625315	0.00011718
P25345	0	0	0	0	0	0	0	0
P07259	0	0	0	0	0	0	0	0
P10869	0	0	0	0	0	0	0	0
P23542	0	0.000273025	0.000411406	0	0	0	0	0
Q01802	0	0.000131349	0.000233359	0	0	0	0	0
P13663	0	0	0	0	0	0	0	0
P04802	0.003786165	0.001735151	0.0023741	0.002784325	0.003467325	0.002977981	0.003165732	0.000877853
P15179	0	0	0	0	0	0	0	0
P22108	0	0	0	0	0	0	0	0
P16550	0	0	0	0	0	0	0	0
P00498	0	0	0	0	0	0	0	0
P00856	0	0.003113706	0.003657711	0.002818967	0.001851474	0.002238532	0.001999865	0.000802285
P00854	0	0.015962019	0.018680973	0.014488873	0.009653351	0.011587862	0.010394997	0.004409539
P61829	0	0.042731734	0.049982406	0.038803111	0.025908386	0.031067037	0.027886052	0.011925038
P07251	0	0.009853888	0.011538857	0.00894097	0.005944326	0.007143169	0.006403937	0.002694649
P38077	0	0.018860765	0.022070423	0.017121744	0.011413542	0.013697172	0.012289032	0.00522337
Q12165	0	0.009294771	0.010885093	0.008433133	0.005604813	0.006736317	0.006038608	0.002537673
P09457	0	0.012492924	0.014624627	0.011337959	0.007546824	0.009063512	0.00812829	0.003435575
P81449	0	0.005902898	0.00691905	0.00535235	0.003545163	0.00426815	0.003822343	0.001585378
Q06405	0	0.006143948	0.007200904	0.005571291	0.003691536	0.004443555	0.003979846	0.001653054
P00830	0	0.009206061	0.010781366	0.008352559	0.005550946	0.006671765	0.005980645	0.002512767
P30902	0	0.010834368	0.012685311	0.009831522	0.006539702	0.007856634	0.007044586	0.002969926
Q12349	0	0.00769816	0.009018211	0.006982958	0.004635303	0.005574515	0.004995376	0.002089413
P81450	0	0.00359143	0.004216302	0.003252877	0.002141564	0.002586159	0.002312013	0.000936411
P05626	0	0.014761988	0.0172778	0.013398908	0.008924661	0.010714636	0.009610898	0.004072626
P21306	0	0.003621684	0.004251678	0.003280356	0.002159935	0.002608178	0.002331782	0.000944905
Q12233	0	0.007032029	0.008239318	0.006377922	0.004230807	0.005089791	0.004560123	0.001902391
P81451	0	0.004056707	0.00476231	0.003677011	0.002425119	0.002925954	0.002617129	0.001067515
P32903	0	0	0	0	0	0	0	0
P40975	0	0	0	0	0	0	0	0
P05030	0	0	0	0	0	0	0	0
P19657	0	0	0	0	0	0	0	0
P40009	0	0	0	0	0	0	0	0
P16661	0	0	0	0	0	0	0	0
P32451	0	0	0	0	0	0	0	0
P32462	0.029024664	0.013651579	0.018441849	0.021516282	0.026635079	0.022967648	0.024374759	0.007228334
P54781	0	0	0	0	0	0	0	0
P53199	0	0	0	0	0	0	0	0
Q12452	0.003954849	0.001814808	0.002481492	0.002909523	0.00362217	0.003111585	0.003307485	0.000920298
P53045	0	0	0	0	0	0	0	0
P32353	0	0	0	0	0	0	0	0
P32352	0	0	0	0	0	0	0	0
P25340	0.002922962	0.001327524	0.001824549	0.002143653	0.002674943	0.002294293	0.002440341	0.000660651
P22007	0	0	0	0	0	0	0	0
P29703	0	0	0	0	0	0	0	0
P03965	0	0	0	0	0	0	0	0
P07258	0	0	0	0	0	0	0	0
P80235	0	0.003842371	0.001149939	0.000526857	0	0	0	0
P40017	0	0	0	0	0	0	0	0
P32796	0	0.003847897	0.001152224	0.000528003	0	0	0	0
P06115	0	0	0	0	0	0	0	0
P15202	0	0	0	0	0	0	0	0
P38992	0	0	0	0	0	0	0	0
Q03529	0	0	0	0	0	0	0	0
P38703	0	0	0	0	0	0	0	0
Q03579	0	0	0	0	0	0	0	0
P28496	0	0	0	0	0	0	0	0
Q06702	0	0	0	0	0	0	0	0
Q06703	0	0	0	0	0	0	0	0
P29465	0	0	0	0	0	0	0	0
P14180	0	0	0	0	0	0	0	0
P08004	0	0	0	0	0	0	0	0
P20485	0	0	0	0	0	0	0	0
P13259	0	0	0	0	0	0	0	0
P32178	0	0	0	0	0	0	0	0
P28777	0	0	0	0	0	0	0	0
P19414	0.000449986	0.015623426	0.004783025	0.007206797	0.000381046	0.001458487	0.00021353	0.000424768
P35196	0	0	0	0	0	0	0	0
Q03175	0	0	0	0	0	0	0	0
P00890	7.43E-05	0.004883472	0.001447667	0.00221588	5.25E-05	0.000393961	0	6.63E-05
P08679	0	0	0	0	0	0	0	0
P11353	0	0	0	0	0	0	0	0
P28274	0	0	0	0	0	0	0	0
P38627	0.000120075	3.93E-06	4.01E-05	6.33E-05	0.000102019	7.43E-05	8.49E-05	0
P43623	0	0	0	0	0	0	0	0
P53101	0	0	0	0	0	0	0	0
P32582	0	0	0	0.000131088	0.000140925	0.000146603	0.000161645	0
P31373	0	0	0	0	0	0	0	0
P47164	0	0	0	0	0	0	0	0
P06106	0	0	0	0	0	0	0	0
P53852	0	0	0	0	0	0	0	0
Q06549	0	0	0	0	0	0	0	0
P27515	0	0	0	0	0	0	0	0
P10614	0.000565365	0.000214204	0.000323601	0.000393837	0.000510776	0.000426993	0.000459139	6.74E-05
P16603	0.000741256	0.000297264	0.00043558	0.000524383	0.000672235	0.000566305	0.000606948	0.000111681
Q12178	0	0	0	0	0	0	0	0
P54783	0	0	0	0	0	0	0	0
Q04212	0	0	0	0	0	0	0	0
P38115	0	0	0	0	0	0	0	0
P14540	0	0.001375344	0.001889018	0.002218812	0	0	0	0
Q07786	0	0	0	0	0.005380341	0	0	0
P35497	0	0	0	0	0	0	0	0
P06773	0	0	0	0	0	0	0	0
P15454	0	0	0	0	0	0	0	0
P38791	0	0	0	0	0	0	0	0
P25332	0	0	0	0	0	0	0.072893748	0
Q03941	0	0	0	0	0	0	0	0
P53630	0	0	0	0	0	0	0	0
Q02896	0	0	0	0	0	0	0	0
P07807	0	0	0	0	0	0	0	0
Q12676	0	0	0	0	0	0	0	0
Q12154	0	0	0	0	0	0	0	0
P20051	0.001824355	0.000808733	0.001125128	0.001328263	0.001666471	0.001424158	0.001517128	0.000384215
P39522	0.001089855	0	0.000217324	0.000342952	0.000871358	0.000493858	0.000616673	0
P43550	0	0	0	0	0	0	0	0
P54838	0	0	0	0	0	0	0	0
P08524	0.005384757	0.002490047	0.003391831	0.003970803	0.00493476	0.004244121	0.004509104	0.001280096
P00950	0	0	0	0	0	0	0	0
P32469	0	0	0	0	0	0	0	0
P20048	0	0	0	0	0	0	0	0
P14020	0.000211653	4.72E-05	9.84E-05	0.00013131	0.000186083	0.00014684	0.000161897	0
P31382	0	0	0	0	0	0	0	0
P33775	0	0	0	0	0	0	0	0
P52867	0.00077018	0.000310923	0.000453995	0.000545851	0.000698786	0.000589214	0.000631254	0.000118959
P46971	0	0	0	0	0	0	0	0
P47190	0	0	0	0	0	0	0	0
P00572	0	0	0	0	0	0	0	0
P47119	0	0	0	0	0	0	0	0
P33317	0	0	0	0	0	0	0	0
P47180	0	0	0	0	0	0	0	0
P0CX11	0	0	0	0	0	0	0	0
P00924	0.017968573	0.00040667	0.000583078	0.001607095	0.00811861	0.00628678	0.006052185	0
P00925	0	0	0	0	0	0	0	0
P42222	0	0	0	0	0	0	0	0
P0CX10	0	0	0	0	0	0	0	0
Q03764	0	0	0	0	0	0	0	0
P41734	0	0	0	0	0	0	0	0
P52911	0	0	0	0	0	0	0	0
P15703	0	0	0	0	0	0	0	0
P23776	0	0	0	0	0	0	0	0
P53753	0	0	0	0	0	0	0	0
P32603	0	0	0	0	0	0	0	0
Q12051	0	0	0	0	0	0	0	0
P39518	0	0	0	0	0	0	0	0
P16622	0	0	0	0	0	0	0	0
P00431	0	0	0	0	0	0	0	0
P00401	0.001140043	0.007992114	0.009792469	0.008085882	0.005002576	0.006411042	0.005430517	0.002152312
P00410	0.000502477	0.003831552	0.004706251	0.003877111	0.002379091	0.003063393	0.002587006	0.00099429
P00420	0.000540281	0.004078248	0.005007833	0.004126666	0.002534648	0.003261889	0.00275561	0.001062954
P07255	4.69E-05	0.000858305	0.00107151	0.00086941	0.000504273	0.000671069	0.000554952	0.000166731
P04037	0.000261534	0.002259238	0.002784124	0.002286577	0.001387649	0.001798283	0.001512415	0.00055666
P32799	0.000216793	0.001967278	0.002427208	0.001991234	0.00120355	0.001563367	0.001312875	0.0004745
P00427	0.000265731	0.002286626	0.002817605	0.002314282	0.001404918	0.00182032	0.001531133	0.000564283
P00425	0.000262675	0.002266683	0.002793226	0.002294109	0.001392344	0.001804274	0.001517503	0.000558733
Q01519	0.000106425	0.00124705	0.001546743	0.00126266	0.000749401	0.00098386	0.000820638	0.000274933
P04039	0.000275679	0.002351544	0.002896966	0.002379953	0.001445853	0.001872554	0.001575501	0.000582352
P10174	4.62E-05	0.000854062	0.001066323	0.000865118	0.000501597	0.000667655	0.000552052	0.00016555
P38824	0	0	0	0	0	0	0	0
Q04935	0	0	0	0	0	0	0	0
P53239	0	0	0	0	0	0	0	0
P47081	0	0	0	0	0	0	0	0
P19516	0	0	0	0	0	0	0	0
Q3E731	0	0	0	0	0	0	0	0
P00163	0.002802294	0.018837922	0.023053384	0.019059045	0.011842524	0.01513905	0.012844114	0.005171485
P07256	0.003239195	0.021690765	0.026538896	0.021943229	0.013640326	0.017433112	0.014792692	0.005965035
P00128	0.000868283	0.006218687	0.007624482	0.006291906	0.003884324	0.004984117	0.00421848	0.00165871
P08067	0.001453329	0.010036532	0.012291738	0.010153986	0.0062917	0.008056007	0.006827757	0.002721338
P00127	0.001047258	0.007386627	0.00905227	0.007473379	0.00462078	0.005923858	0.005016701	0.001983785
P22289	0.00039703	0.003143439	0.003865044	0.003181024	0.001945193	0.002509726	0.002116718	0.000802764
P37299	0.000471265	0.003627873	0.004457257	0.003671072	0.002250658	0.00289951	0.002447803	0.000937599
P08525	0.000629594	0.004661077	0.005720331	0.004716248	0.002902157	0.003730842	0.003153941	0.001225175
P07143	0.00216398	0.01467408	0.017961078	0.014845263	0.009215936	0.011787431	0.009997241	0.004012105
P07257	0.002591021	0.017460869	0.021367893	0.017664336	0.010973157	0.014029707	0.011901836	0.004787746
P38913	0	0	0	0	0	0	0	0
Q07923	0	0	0	0	0	0	0	0
Q08911	0	0.013849084	0	0.004470119	0	0.000135451	0	0.004966687
P07245	0	0.003578179	0.000359523	0.001064393	0	0	0	0.001239571
P09440	0	0	0	0	0	0	0	0
Q06137	0	0	0	0	0	0	0	0
P32604	0	0	0	0	0	0	0	0
P09201	0	0.000564349	0.000795657	0.000944163	0	0	0	0
P08417	0	0.000591779	0.00011724	0.00021829	0	0	0	0
P28272	0.000384685	0.000128882	0.000208572	0.000259735	0.00034492	0.000283888	0.000307305	2.20E-05
P32614	0	0.000139858	2.71E-05	0.040335843	0	0	0	0.000533787
Q05902	0	0	0	0	0	0	0	0
P04385	0	0	0	0	0	0.047017104	0	0
P08431	0	0	0	0	0	0.021248892	0	0
P32477	0	0	0	0	0	0	0	0
Q06625	0	0	0	0	0	0	0	0
P08019	0	0	0	0	0	0.000121399	0	0
P11412	0.000113847	0	0	0	9.19E-05	9.44E-05	5.86E-05	0
P12709	0.003797536	0	0	1.18E-05	0.000227269	0.001211886	0.000182786	0
P32264	5.77E-05	0	0	0	0	0	0	0
Q04792	0	0.000579972	0	0.002008227	0	0	0	0
P33327	0	0	0	0	0	0	0	0
P39708	0	0	0	0	0	0	0	0
P07262	0.002226268	0.00915319	0.000434839	0.004129845	0.001856847	0.001472815	0.001361074	0.000908583
Q12680	0	0	0	0	0	0	0	0
P54885	0	0	0	0	0	0	0	0
P43544	0	0	0	0	0	0	0	0
P53823	0	0	0	0	0	0	0	0
P32288	0.00019567	0	2.17E-05	5.33E-05	0.000146013	7.69E-05	9.67E-05	0
A2P2R3	0	0	0	0	0	0	0	0
P14742	0	0	0	0	0	0	0	0
P13188	0.004126887	0.001896049	0.002591019	0.00303721	0.003780093	0.003247845	0.003452057	0.000963587
P46655	0.024087084	0.011321666	0.015298429	0.01785164	0.02210262	0.019056949	0.020225505	0.005985965
P48525	0	0	0	0	0	0	0	0
P25373	0	0	0	0	0	0	0	0
P41921	0	0	0	0	0	0	0	0
Q03835	0	0	0	0	0	0	0	0
P17695	0	0	0	0	0	0	0	0
P32642	0	0	0	0	0	0	0	0
Q02784	0	0	0	0	0	0	0	0
P23202	0	0	0	0	0	0	0	0
P38143	0	0	0	0	0	0	0	0
P40581	0	0	0	0	0	0	0	0
P36014	0	0	0	0	0	0	0	0
Q08220	0	0	0	0	0	0	0	0
P00359	0	0	0	0	0	0	0	0
P00360	0.109782221	0.002968572	0.004036967	0.010238873	0.050172198	0.038581386	0.037586357	0.001632696
P00358	0	0	0	0	0	0	0	0
P14065	0	0	0	0	0	0	0	0
P32190	0	0	0	0.000487878	0	0	0	0
P40106	0	0	0	0	0	0	0	0
P41277	0	0	0	0	0	0	0	0
P32191	0	0	0	0.026523686	0	0	0	0
Q00055	0	0	0	0	0	0	0	0
P41911	0	0	0	0	0	0	0	0
Q02979	0	0	0	0	0	0	0	0
P04161	0.000232741	5.71E-05	0.000111837	0.000146962	0.000205441	0.000163543	0.000179618	0
P39726	0	1.91E-05	0	0	0	0	0	0
P48015	0	0.000181738	0	0	0	0	0	0
P09624	0.001103924	0.000289986	0	0.003296963	0.000964941	0.001114975	0.000757324	0.000448194
P49095	0	0.000625118	0	0.000153799	0	0	0	6.42E-05
P37291	0.000731933	0.03625786	0.000288882	0.011563327	0.000650214	0.000495564	0.000531892	0.013161742
P37292	0	0.035271148	0.000324876	0.011687604	0	0.000968541	0	0.007912231
P19262	0	0	0	0	0	0	0	0
P20967	0	0	0	0	0	0	0	0
P23337	0	0	0	0	0	0	0	0
P47011	0	0	0	0	0	0.000382039	0	0
P36143	0	0	0	0	0	0	0	0
P27472	0	0	0	0	0	0.000766546	0	0
P06738	0	0	0	0	0	0	0	0
P38088	0	0	0	0	0	0	0	0
Q06817	0.001687303	0.000742329	0.001037875	0.001226543	0.001540664	0.001315608	0.001401957	0.000349729
P38625	0.007093427	0.003296923	0.004479641	0.005238981	0.006503241	0.005597446	0.00594498	0.001710036
P23797	0	0	0	0	0	0	0	0
P25580	0	0	0	0	0	0	0	0
P47088	0	0	0	0	0	0	0	0
P36051	0	0	0	0	0	0	0	0
P38211	0	0	0	0	0	0	0	0
P30777	0	0	0	0	0	0	0	0
Q06636	0	0	0	0	0	0	0	0
Q07830	0	0	0	0	0	0	0	0
P51601	0	0	0	0	0	0	0	0
P38066	0	0	0	0	0	0	0	0
Q07729	0	0	0	0	0	0	0	0
Q04178	0	0	0	0	0	0	0	0
P40086	0	0	0	0	0	0	0	0
P21592	0	0	0	0	0	0	0	0
Q06204	0	0	0	0	0	0	0	0
P04806	0	0	0	0	0.004442381	0	0	0
P04807	0	0	0	0	0	0	0	0
P17709	0	0	0	0	0	0	0	0
P00815	0	0	0	0	0	0	0	0
P38635	0	0	0	0	0	0	0	0
P07172	0	0	0	0	0	0	0	0
P07263	3.69E-05	0	0	1.63E-06	2.57E-05	8.45E-06	1.51E-05	0
P38074	0	0	0	0	0	0	0	0
P39533	0	0	0	0	0	0	0	0
Q12122	0.016118307	0.000404826	0.005263638	0.007296491	0.01352556	0.009106164	0.010571836	0
P48570	0	0	0	0	0	0	0	0
Q12525	0	0	0	0	0	0	0	0
Q08985	0	0	0	0	0	0	0	0
P40495	0.000385347	0	6.05E-05	0.000121348	0.000307758	0.000175504	0.000219366	0
P31116	0.000162656	0	0	0	0	0	0	0
P17423	4.62E-05	0	0	0	0	0	0	0
P08465	0	0	0	0	0	0	0	0
Q04120	0	0	0	0	0	0	0	0
P22803	0.00020895	8.06E-05	0.000143519	0	0	0	0	0
P22217	0	0	0	0	0	0	0	0
P34227	0	0	0	0	0	0	0	0
P25372	0	0	0	0	0	0	0	0
P38013	0	0	0	0	0	0	0	0
Q05584	0	0	0	0	0	0	0	0
Q12320	0	0	0	0	0	0	0	0
P32378	0	0	0	0	0	0	0	0
P41835	0	0	0	0	0	0	0	0
P28789	0	0	0	0	0	0	0	0
P12684	0.000455301	0.000162229	0.000253529	0.000312147	0.000409742	0.000339819	0.000366647	3.97E-05
P12683	0.000458864	0.000163911	0.000255797	0.000314791	0.000413012	0.00034264	0.00036964	4.06E-05
P54839	0.02953441	0.013893972	0.018766369	0.021894611	0.027103	0.02337138	0.024803119	0.007356593
Q08224	0	0	0	0	0	0	0	0
Q08975	0	0	0	0	0	0	0	0
Q06490	0	0	0	0	0	0	0	0
P33734	0	0	0	0	0	0	0	0
P06633	0	0	0	0	0	0	0	0
P38697	0	0	0	0	0	0	0	0
P50095	0	0	0	0	0	0	0	0
P50094	0.001112485	0.000472569	0.000671921	0.000799911	0.001013007	0.000860336	0.00091891	0.000205091
P00817	0	0	0	0	0	0	0	0
P28239	0	0.002649465	0.001871629	0	0.000867869	0	0.000792742	0.000208049
P54113	0.001038114	0.000437449	0.000624573	0.000744712	0.000944738	0.000801427	0.000856412	0.000186378
P38009	0.001509014	0.00065982	0.000924368	0.001094216	0.001377003	0.001174397	0.001252137	0.000304868
Q06667	0	0	0	0	0	0	0	0
P07250	0	0	0	0	0	0	0	0
P40015	0	0	0	0	0	0	0	0
P28834	0	0	0	0	0	0	0	0
P28241	0	0	0	0	0	0	0	0
P41939	0.000268668	0.00025917	0	0.00150213	0	3.61E-05	0	0.000129945
P53982	0	0	0	0	0	0	0	0
P28240	0	0.060170184	0.019178393	0.019410393	0.000184301	0.005278891	0.000126663	0.003663469
P09436	0.000306163	9.18E-05	0.000158581	0.000201456	0.000272839	0.000221696	0.000241318	2.20E-06
P48526	0	0	0	0	0	0	0	0
P15496	0	0	0	0	0	0	0	0
P53312	0	0	0	0	0	0	0	0
P53598	0	0	0	0	0	0	0	0
P38169	0	0	0	0	0	0	0	0
P52893	0	0	0	0	0	0	0	0
P37303	0	0	0	0	0	0	0	0
Q05016	0	0	0	0	0	0	0	0
P07702	0.000667108	0	0.000153697	0.000249849	0.000544476	0.000335444	0.000404768	0
P50113	5.15E-05	0	0	0	2.73E-05	0	0	0
P38986	0	0	0	0	0	0	0	0
P0CZ17	0	0.001278209	0.001036971	0.001049414	0	0.000924409	0	0.001320526
P0CX77	0	0.001278209	0.001036971	0.001049414	0	0.000924409	0	0.001320526
P0CX78	0	0.001278209	0.001036971	0.001049414	0	0.000924409	0	0.001320526
P0CX79	0	0.001278209	0.001036971	0.001049414	0	0.000924409	0	0.001320526
P32263	0	0	0	0	0	0	0	0
Q12068	0	0	0	0	0	0	0	0
P25379	0	0	0	0	0	0	0	0
P00927	0	0	0	0	0	0	0	0
P47125	0	0	0	0	0	0	0	0
P50107	0	0	0	0	0	0	0	0
P38604	0.000662809	0.000260219	0.000385638	0.00046616	0.000600225	0.000504172	0.000541025	9.19E-05
P26637	0.001252044	0.000538472	0.00076077	0.000903492	0.001141116	0.000970868	0.001036188	0.000240208
P11325	0	0	0	0	0	0	0	0
Q10740	0	0	0	0	0	0	0	0
P15180	0.000486443	0.000176934	0.000273355	0.00033526	0.000438328	0.000364488	0.000392816	4.76E-05
P32048	0	0	0	0	0	0	0	0
P17505	0	0.002850924	0.001359074	0.001082368	0	0.000193203	0	0
P22133	0	0	0	0	0	0	0	0
P32419	0	0	0	0	0	0	0	0
P21826	0	0.00726693	0.011799873	0.000488575	0	0.000933998	0	0
P30952	0	0.007625419	0.012376097	0.000517075	0	0.000984071	0	0
P36013	0.000180961	0	4.01E-05	0	0	0	0	0.000238127
P32463	0	0	0	0	0	0	0	0
Q12283	0	0	0	0	0	0	0	0
P41940	4.70E-05	0	0	9.09E-06	3.49E-05	1.64E-05	2.35E-05	0
P29952	0.000148721	1.75E-05	5.83E-05	8.46E-05	0.000128315	9.70E-05	0.000109012	0
P19358	0	0	0	0	0	0	0	0
P10659	0.010054378	0.004695153	0.006364701	0.007436601	0.009221258	0.007942618	0.008433204	0.002455076
P32785	0	0	0	0	0	0	0	0
P00958	0.014499116	0.006794054	0.009194391	0.010735482	0.013301321	0.011462993	0.012168319	0.003573462
P22438	0	0	0	0	0	0	0	0
Q02046	0	0	0	0	0	0	0	0
Q12031	0	0	0	0	0	0	0	0
P07277	0.00039465	0.000133587	0.000214916	0.000267131	0.000354066	0.00029178	0.000315678	2.45E-05
P32377	0.001912623	0.000850416	0.001181324	0.001393776	0.001747498	0.00149407	0.001591305	0.000406426
P35206	0	0	0	0	0	0	0	0
P38287	0	0	0	0	0	0	0	0
P33300	0	0	0	0	0	0	0	0
Q05533	0.000478395	0.000173134	0.000268232	0.000329287	0.000430941	0.00035811	0.000386054	4.55E-05
P38710	0	0	0	0	0	0	0	0
P11986	0.001619861	0.000712165	0.000994939	0.001176487	0.001478755	0.001262191	0.001345282	0.000332759
P43577	0	0	0	0	0	0	0	0
P40360	0	0	0	0	0	0	0	0
Q04728	0	0	0	0	0	0	0	0
Q04066	0	0	0	0	0	0	0	0
P21595	0	0	0	0	0	0	0	0
P21623	0	0	0	0	0	0	0	0
P53164	0	0	0	0	0	0	0	0
P32622	0	0	0	0	0	0	0	0
P21373	0	0	0	0	0	0	0	0
Q06892	0	0	0	0	0	0	0	0
P06700	0	0	0	0	0	0	0	0
P53688	0	0	0	0	0	0	0	0
P53685	0	0	0	0	0	0	0	0
P53687	0	0	0	0	0	0	0	0
P53686	0	0	0	0	0	0	0	0
P38795	0	0	0	0	0	0	0	0
Q07500	0.000549385	0.000867635	0.005572241	0.001817914	0.003348911	0.004027815	0.003717866	0.00089342
P40215	0	0	0	0	0	0	0	0
P32340	0.000134377	0.004465633	0.00131312	0.003646624	0.000143173	0.000463858	8.96E-05	0.000498466
P39683	0	0	0	0	0	0	0	0
P53184	0	0	0	0	0	0	0	0
Q05874	0	0	0	0	0	0	0	0
P25576	0	0	0	0	0	0	0	0
Q06178	0	0	0	0	0	0	0	0
P53204	0	0	0	0	0	0	0	0
P43619	0	0	0	0	0	0	0	0
P32621	0	0	0	0	0	0	0	0
P36010	5.52E-05	0	0	1.52E-05	4.25E-05	0.000322258	3.04E-05	0
P39730	0	0	0	0	0	0	0	0
P54861	0	0	0	0	0	0	0	0
Q12198	2.59E-05	0	0	1.15E-05	1.97E-05	1.90E-05	2.63E-05	0
Q04533	0	0	0	0	0	0	0	0
P05150	0	0	0	0	0	0	0	0
P08432	0	0	0	0	0	0	0	0
P07991	0	0	0	0	0	0	0	0
P13298	0.000170357	2.77E-05	7.21E-05	0.00010066	0.000148176	0.000114133	0.000127194	0
P30402	0	0	0	0	0	0	0	0
P03962	0	0	0	0	0	0	0	0
P53332	0	0	0	0	0	0	0	0
Q04430	0	0	0	0	0	0	0	0
P40459	0	0	0	0	0	0	0	0
P41903	0	0	0	0	0	0	0	0
P15625	0	0	0	0	0	0	0	0
P15624	0	0	0	0	0	0	0	0
P08425	0	0	0	0	0	0	0	0
Q06408	0	0	0	0	0	0	0	0
P07244	0.002506954	0.001131074	0.0015597	0.00183489	0.002293067	0.001964801	0.002090749	0.000555973
P38628	0	0	0	0	0	0	0	0
P18408	0.000737739	0.00038979	0.000560321	0	0	0	0	0.000160983
P10963	0	0.002348373	0.003200831	0	0	0	0	0
P33412	0	0	0	0	0	0	0	0
P16862	0.012865594	0	0	0	0.005791517	0.004409955	0.003269217	2.78E-05
P16861	0	0	0	0	0	0	0	0
P37012	0.000350049	0.000110842	0.000186521	0.000234028	0.000313125	0.003513408	0.000278198	1.32E-05
P33401	0.00018312	3.37E-05	8.02E-05	0.000110133	0.000159892	0.002173153	0.00013792	0
P53319	0	0	0	0	0	0	0	0
P38720	0.003360549	0	0	0	0.003005784	0.00304607	0.002466814	0
P40054	0	0	0	0	0	0	0	0.000104856
P40510	0	0	0	0	0	0	0	0.000126542
P00560	0.007329374	0.000107494	0.000179738	0.000599098	0.003299225	0.002515542	0.002448237	1.72E-05
Q12040	0.002689434	0	5.46E-06	0.000163546	0.001168804	0.000886005	0.000849787	0
P07283	0.025537639	0.012006641	0.016221899	0.018928234	0.02343416	0.020205829	0.021444468	0.006350947
P24521	0.003217333	0.001466534	0.002011958	0.002362136	0.002945163	0.002527446	0.002687715	0.000734722
P40506	0	0	0	0	0	0	0	0
P36076	0	0	0	0	0	0	0	0
P36024	0	0	0	0	0	0	0	0
Q08438	0	0	0	0	0	0	0	0
Q03262	0	0	0	0	0	0	0	0
P27616	0	0	0	0	0	0	0	0
P21264	6.52E-05	0	5.19E-06	2.26E-05	5.17E-05	3.09E-05	3.88E-05	0
P00912	0	0	0	0	0	0	0	0
P04046	8.12E-06	0	0	0	0	0	0	0
P32895	0.01589612	0.007453748	0.010083776	0.011772336	0.014583705	0.012569463	0.013342284	0.003924975
P38620	0.011720027	0.00548171	0.007425118	0.008672845	0.010750247	0.009261866	0.009832925	0.002874188
P38689	0	0	0	0	0	0	0	0
P38063	0	0	0	0	0	0	0	0
Q12265	0	0	0	0	0	0	0	0
P42941	0	0	0	0	0	0	0	0
P33330	0.006157259	0	0	0	0.006909212	0	0.005917757	0.02389951
P38298	0	0	0	0	0	0	0	0
Q05567	0	0	0	0	0	0	0	0
P50264	0	0	0	0	0	0	0	0
P05373	0	0	0	0	0	0	0	0
P32452	0	0	0	0	0	0	0	0
P20049	0	0	0	0	0	0	0	0
P09368	0	1.38E-05	0	0	0	0	0	0.000205263
P38708	0.003036156	0.001380977	0.001896613	0.002227666	0.002778851	0.002383947	0.002535463	0.000689133
P40012	0	0	0	0	0	0	0	0
Q04179	0	0	0	0	0	0	0	0
Q05788	0	0	0	0	0	0	0	0
P38075	0	0	0	0	0	0	0	0
P32327	0.001386841	0	0	0	0.000733539	0	0.000448617	0
P11154	0.002965641	0	0	0	0.001618629	0	0.001031164	0
P32473	0.000792828	0	0	0.00233034	0.000689758	0.000789859	0.000535768	0.000249072
P16387	0.000933025	0	0	0.002711969	0.000813771	0.00092959	0.0006356	0.000303886
P16451	0.000911151	0	0	0.002652425	0.000794422	0.000907789	0.000620024	0.000295333
P12695	0.001055069	0	0	0.003044181	0.000921725	0.001051228	0.000722505	0.000351601
P00549	0.020769973	0	0	0.001871763	0.009392829	0.007276987	0.007006022	0
P52489	0	0	0	0	0	0	0	0
Q03778	0	0	0	0	0	0	0	0
P50861	0	0	0	0	0	0	0	0
P38145	0.002020064	0.000901152	0.001249725	0.001473519	0.001846124	0.001579167	0.001681592	0.00043346
P21524	0	0	0	0	0	0	0	0
P49723	0	0	0	0	0	0	0	0
P21672	0	0	0	0	0	0	0	0
P09938	0	0	0	0	0	0	0	0
Q12189	0.002646501	0.000106932	0.00017898	0.000225236	0.002373909	0.002345602	0.039714876	0.001688223
P53915	0	0	0	0	0	0	0	0
P46969	0.000224261	0	0	0	0.000190311	0.00019884	0.00339328	2.56E-05
P25087	0	0	0	0	0	0	0	0
P40363	0	0	0	0	0	0	0	0
P38998	0.000354167	0	5.02E-05	0.000107128	0.000281563	0.000157805	0.000198849	0
P38999	0	0	0	0	0	0	0	0
P12945	0	0	0	0	0	0	0	0
P37293	0	0	0	0	0	0	0	0
P07347	0	0	0	0	0	0	0	0
Q3E790	0	0	0	0	0	0	0	0
P40970	0	0	0	0	0	0	0	0
P25045	0	0	0	0	0	0	0	0
P07284	0	0	0	0	0	0	0	0
P38705	0.003200794	0.001458724	0.002001428	0.00234986	0.002929981	0.002514346	0.002673816	0.00073056
P15807	0	0	0	0	0	0	0	0
Q12074	0	0	0	0	0	0	0	0
Q12455	0	0	0	0	0	0	0	0
P47013	0	0	0	0	0	0	0	0
P23501	0	0	0	0	0	0	0	0
Q06147	0	0	0	0	0	0	0	0
Q12246	0	0	0	0	0	0	0	0
P32476	0.02692464	0.012661603	0.017104908	0.019957657	0.024707359	0.021304376	0.022610022	0.00669904
P29704	0.001067828	0.00045148	0.00064349	0.000766766	0.000972014	0.000824962	0.000881382	0.000193854
P37298	0	0	0	0	0	0	0	0
P47052	0	0	0	0	0	0	0	0
P33421	0	0	0	0	0	0	0	0
P21801	0	0	0	0	0	0	0	0
Q00711	0	0	0	0	0	0	0	0
Q06236	0	0	0	0	0	0	0	0
P38067	0	0.001364134	0	0.004439501	0	0	0	0
P00724	0	0	0	0	0	0	0	0
P08536	0	0	0	0	0	0	0	0
P39692	0	0	0	0	0	0	0	0
P47169	0	0	0	0	0	0	0	0
Q12358	0	0	0	0	0	0	0	0
P36001	0	0	0	0	0	0	0	0
Q08645	0	0	0	0	0	0	0	0
P35202	0	0	0	0	0	0	0	0
P40553	0	0	0	0	0	0	0	0
P29509	1.28E-05	0	0	0	0	0	0	0
P38816	0	0	0	0	0	0	0	0
P04801	0.006614197	0.003070619	0.004174544	0.004883296	0.00606333	0.00521788	0.005542261	0.001589451
P07236	0	0	0	0	0	0	0	0
P06785	0	0	0	0	0	0	0	0
P18900	0	0	0	0	0	0	0	0
P53228	0	0	0	0	0	0	0	0
P15019	0.021398631	0	0	0	0.009514549	0.007177249	0.001807492	1.96E-05
P33315	0	0	0	0	0	0	0	0
P23254	0.001416028	0	2.87E-06	1.99E-05	0.001257301	0.001297176	0.016232436	0.001078836
P00942	3.66E-05	0	0	0	0	0	0	0
P00931	0	0	0	0	0	0	0	0
Q12109	0.001279455	0.000551417	0.000778222	0.000923837	0.001166279	0.000992578	0.001059223	0.000247105
P04803	0	0	0	0	0	0	0	0
P36421	0.001244988	0.00053514	0.000756278	0.000898255	0.001134639	0.000965279	0.001030259	0.000238432
P48527	0	0	0	0	0	0	0	0
Q06321	0	0	0	0	0	0	0	0
P43123	0	0	0	0	0	0	0	0
P04397	0	0	0	0	0	0.034652626	0	0
P15700	0	0	0	0	0	0	0	0
P18562	0	0	0	0	0	0	0	0
P32459	0	0	0	0	0	0	0	0
Q12084	0	0	0	0	0	0	0	0
P32347	0	0	0	0	0	0	0	0
P36150	0	0	0	0	0	0	0	0
P06174	0	0	0	0	0	0	0	0
P38709	0.00081919	0.000334067	0.000485197	0.000582226	0.000743776	0	0.00067244	0.000131291
P32861	0	0	0	0	0	0	0	0
P07806	0.000817112	0.000333086	0.000483874	0.000580684	0.000741868	0.000626386	0.000670694	0.000129871
P47165	0	0	0	0	0	0	0	0
Q07993	0	0	0	0	0	0	0	0.000274871
P42826	0	0	0	0	0	0	0	0.176199425
P31115	0	0	0	0	0	0	0	0
P53167	0	0	0	0	0	0	0	0
P48567	0	0	0	0	0	0	0	0
Q12211	0	0	0	0	0	0	0	0
P39988	0	0	0	0	0	0	0	0
P36136	0	0	0	0	0	0	0	0
P21954	0	0	0	0	0.000314164	0	0.000200406	0
P07149	0.025017962	0.011761241	0.015891056	0.018542533	0.022957121	0.01979423	0.021007761	0.006220188
P19097	0.022629664	0.010633449	0.014370587	0.01676995	0.020764779	0.017902636	0.019000774	0.005619254
P39525	0	0	0	0	0	0	0	0
P35731	0	0	0	0	0	0	0	0
P38790	0	0	0	0	0	0	0	0
P38071	0	0	0	0	0	0	0	0
P39540	0	0	0	0	0	0	0	0
P40319	0	0	0	0	0	0	0	0
P38286	0	0	0	0	0	0	0	0
P40857	0	0	0	0	0	0	0	0
Q99190	0	0	0	0	0	0	0	0
P21147	0.016103612	0.007551729	0.010215873	0.011926336	0.014774173	0.012733803	0.013516648	0.003977184
P30624	0	0	0	0	0	0	0	0
P47912	0	0	0	0	0	0	0	0
P39002	0	0	0	0	0	0	0	0
Q05871	0	0	0	0	0	0	0	0
Q08558	0	0	0	0	0	0	0	0
P32573	0	0	0	0	0	0	0	0
P32784	0	0	0	0	0	0	0	0
P36148	0.063837127	0.030091867	0.040604249	0.047353613	0.058591124	0.050539844	0.053628932	0.01598741
P40471	0	0	0	0	0	0	0	0
Q08548	5.02E-05	0	0	1.15E-05	3.78E-05	1.89E-05	2.62E-05	0
P33333	0	0	0	0	0	0	0	0
P36165	0	0	0	0	0	0	0	0
Q12043	0	0	0	0	0	0	0	0
P32567	0	0	0	0	0	0	0	0
Q05521	0	0	0	0	0	0	0	0
Q04396	0	0	0	0	0	0	0	0
Q08650	0	0	0	0	0	0	0	0
P38221	0.000257418	6.88E-05	0.000127548	0.000165277	0.000228094	0.000183088	0.000200356	0
P08456	0	0	0	0	0	0	0	0
P06197	0.000373707	0.000123697	0.000201583	0.000251587	0.000334842	0.000275193	0.000298079	1.92E-05
P38226	0	0	0	0	0	0	0	0
P39006	0.047289073	0.022277875	0.030069454	0.035071933	0.043400886	0.03743349	0.039723043	0.011823852
P53037	0	0	0	0	0	0	0	0
P05374	0	0	0	0	0	0	0	0
P05375	0	0	0	0	0	0	0	0
Q12382	0	0	0	0	0	0	0	0
P22140	0	0	0	0	0	0	0	0
P17898	0	0	0	0	0	0	0	0
P25578	0	0	0	0	0	0	0	0
P38812	0	0	0	0	0	0	0	0
Q07560	0	0	0	0	0	0	0	0
P53264	0	0	0	0	0	0	0	0
Q06510	0	0	0	0	0	0	0	0
P42951	0	0	0	0	0	0	0	0
P37297	0	0	0	0	0	0	0	0
Q06389	0	0	0	0	0	0	0	0
P39104	0	0	0	0	0	0	0	0
P22219	0	0	0	0	0	0	0	0
P22543	0	0	0	0	0	0	0	0
P38994	0	0	0	0	0	0	0	0
P34756	0	0	0	0	0	0	0	0
P40345	0	0	0	0	0	0	0	0
Q04958	0	0	0	0	0	0	0	0
P39105	0	0	0	0	0	0	0	0
Q03674	0	0	0	0	0	0	0	0
Q08108	0	0	0	0	0	0	0	0
P32383	0	0	0	0	0	0	0	0
Q08959	0	0	0	0	0	0	0	0
P36126	0	0	0	0	0	0	0	0
P50942	0	0	0	0	0	0	0	0
Q12271	0	0	0	0	0	0	0	0
P47147	0	0	0	0	0	0	0	0
P32368	0	0	0	0	0	0	0	0
P40559	0	0	0	0	0	0	0	0
Q08227	0	0	0	0	0	0	0	0
Q06708	0	0	0	0	0	0	0	0
P42837	0	0	0	0	0	0	0	0
P34163	0	0	0	0	0	0	0	0
Q07804	0	0	0	0	0	0	0	0
Q07950	0	0	0	0	0	0	0	0
P38139	0	0	0	0	0	0	0	0
P40308	0	0	0	0	0	0	0	0
P25641	0	0	0	0	0	0	0	0
P54857	0	0	0	0	0	0	0	0
P28321	0	0	0	0	0	0	0	0
P16140	0	0	0	0	0	0	0	0
P17255	0	0	0	0	0	0	0	0
P25515	0	0	0	0	0	0	0	0
P32610	0	0	0	0	0	0	0	0
P39111	0	0	0	0	0	0	0	0
P23968	0	0	0	0	0	0	0	0
P48836	0	0	0	0	0	0	0	0
P31412	0	0	0	0	0	0	0	0
P32366	0	0	0	0	0	0	0	0
P37296	0	0	0	0	0	0	0	0
P22203	0	0	0	0	0	0	0	0
P32842	0	0	0	0	0	0	0	0
P41807	0	0	0	0	0	0	0	0
P32563	0	0	0	0	0	0	0	0
P40988	0	0	0	0	0	0	0	0
P38993	0	0	0	0	0	0	0	0
P38954	0	0	0	0	0	0	0	0
Q06346	0	0	0	0	0	0	0	0
P36107	0	0	0	0	0	0	0	0
P53615	0	0	0	0	0	0	0	0
Q12447	0	0	0	0	0	0	0	0
P53727	0	0	0	0	0	0	0	0
P52290	0	0	0	0	0	0	0	0
P06182	0	0	0	0	0	0	0	0
Q00873	0	0	0	0	0	0	0	0
P39713	0	0	0	0	0	0	0	0
P33893	0	0	0	0	0	0	0	0
P38174	0	0	0	0	0	0	0	0
Q01662	0	0	0	0	0	0	0	0
P38218	0	0	0	0	0	0	0	0
Q04299	0	0	0	0	0	0	0	0
P38230	0	0	0	0	0	0	0	0
P38242	0	0	0	0	0	0	0	0
P53178	0	0	0	0	0	0	0	0
Q01976	0	0	0	0	0	0	0	0
P38137	0	0	0	0	0	0	0	0
P38138	0	0	0	0	0	0	0	0
P07286	0	0	0	0	0	0	0	0
P38149	0	0	0	0	0	0	0	0
P53871	0	0	0	0	0	0	0	0
P38360	0	0	0	0	0	0	0	0
P25374	0	0	0	0	0	0	0	0
P25612	0	0	0	0	0	0	0	0
Q07747	0	0	0	0	0	0	0	0
P47182	0	0	0	0	0	0	0	0
P42884	0	0	0	0	0	0	0	0
Q08361	0	0	0	0	0	0	0	0
Q02895	0	0	0	0	0	0	0	0
P39986	0	0	0	0	0	0	0	0
P0CX08	0	0	0	0	0	0	0	0
P0CX09	0	0	0	0	0	0	0	0
P40011	0	0	0	0	0	0	0	0
P40029	0	0	0	0	0	0	0	0
P39965	0	0	0	0	0	0	0	0
P32656	0	0	0	0	0	0	0	0
P38744	0	0	0	0	0	0	0	0
P00447	0	0	0	0	0	0	0	0
P38773	0	0	0	0	0	0	0	0
P38774	0	0	0	0	0	0	0	0
P38818	0	0	0	0	0	0	0	0
P38827	0	0	0	0	0	0	0	0
Q04089	0	0	0	0	0	0	0	0
P46995	0	0	0	0	0	0	0	0
P38626	0	0	0	0	0	0	0	0
Q12746	0	0	0	0	0	0	0	0
P36060	0	0	0	0	0	0	0	0
P40580	0	0	0	0	0	0	0	0
P40582	0	0	0	0	0	0	0	0
Q04806	0	0	0	0	0	0	0	0
P36156	0	0	0	0	0	0	0	0
Q12390	0	0	0	0	0	0	0	0
P36088	0	0	0	0	0	0	0	0
P14904	0	0	0	0	0	0	0	0
P28273	0	0	0	0	0	0	0	0
P36007	0	0	0	0	0	0	0	0
P48239	0	0	0	0	0	0	0	0
P0CH63	0	0	0	0	0	0	0	0
P0CH64	0	0	0	0	0	0	0	0
P43545	0	0	0	0	0	0	0	0
P53824	0	0	0	0	0	0	0	0
P43616	0	0	0	0	0	0	0	0
Q07540	0	0	0	0	0	0	0	0
Q07648	0	0	0	0	0	0	0	0
P19881	0	0	0	0	0	0	0	0
P13045	0	0	0	0	0	0	0	0
P28817	0	0	0	0	0	0	0	0
Q12691	0	0	0	0	0	0	0	0
Q01896	0	0	0	0	0	0	0	0
P13587	0	0	0	0	0	0	0	0
Q99288	0	0	0	0	0	0	0	0
Q08234	0	0	0	0	0	0	0	0
P52892	0	0	0	0	0	0	0	0
Q03786	0	0	0	0	0	0	0	0
P32584	0	0	0	0	0	0	0	0
Q04082	0	0	0	0	0	0	0	0
P53306	0	0	0	0	0	0	0	0
P53961	0	0	0	0	0	0	0	0
P46961	0	0	0	0	0	0	0	0
P32363	0	0	0	0	0	0	0	0
P62651	0	0	0	0	0	0	0	0
Q04409	0.001683708	0	0	0	0	7.25E-05	0	0
Q04432	0	0	0	0	0	0	0	0
Q04902	0	0	0	0	0	0	0	0
Q08914	0	0	0	0	0	0	0	0
Q08992	0	0	0	0	0	0	0	0
P38929	0	0	0	0	0	0	0	0
P13586	0	0	0	0	0	0	0	0
P16639	0	0	0	0	0	0	0	0
P39007	0	0	0	0	0	0	0	0
P53008	0	0	0	0	0	0	0	0
P31755	0	0	0	0	0	0	0	0
P43636	0	0	0	0	0	0	0	0
P22855	0	0	0	0	0	0	0	0
P32579	0	0	0	0	0	0	0	0
P53095	0	0	0	0	0	0	0	0
P53206	0	0	0	0	0	0	0	0
P53223	0	0	0	0	0	0	0	0
P53230	0	0	0	0	0	0	0	0
P32318	0	0	0	0	0	0	0	0
P50076	0	0	0	0	0	0	0	0
P39676	0	0	0	0	0	0	0	0
P47051	0	0	0	0	0	0	0	0
P47016	0	0	0	0	0	0	0	0
P21375	0	0.001028578	0.000250748	0.001436013	0	3.05E-06	0	0
P00445	0	0	0	0	0	0	0	0
P32906	0	0	0	0	0	0	0	0
Q12205	0	0	0	0	0	0	0	0
P47177	0	0	0	0	0	0	0	0
Q12209	0	0	0	0	0	0	0	0
P36033	0	0	0	0	0	0	0	0
P32791	0	0	0	0	0	0	0	0
P53746	0	0	0	0	0	0	0	0
Q12333	0	0	0	0	0	0	0	0
Q08905	0	0	0	0	0	0	0	0
Q08908	0	0	0	0	0	0	0	0
Q12473	0	0	0	0	0	0	0	0
Q12385	0	0	0	0	0	0	0	0
Q06508	0	0	0	0	0	0	0	0
Q12429	0	0	0	0	0	0	0	0
Q12524	0	0	0	0	0	0	0	0
Q06005	0	0	0	0	0	0	0	0
Q03161	0	0	0	0	0	0	0	0
Q12674	0	0	0	0	0	0	0	0
Q03649	0	0	0	0	0	0	0	0
P53954	0	0	0	0	0	0	0	0
P53934	0	0	0	0	0	0	0	0
P53868	0	0	0	0	0	0	0	0
P53839	0	0	0	0	0	0	0	0
P53730	0	0	0	0	0	0	0	0
Q08295	0	0	0	0	0	0	0	0
Q12001	0	0	0	0	0	0	0	0
P40351	0	0	0	0	0	0	0	0
Q04174	0	0	0	0	0	0	0	0
P32875	0	0	0	0	0	0	0	0
Q08686	0	0	0	0	0	0	0	0
Q12305	0	0	0	0	0	0	0	0
Q08742	0	0	0	0	0	0	0	0
P40350	0	0	0	0	0	0	0	0
Q06494	0	0	0	0	0	0	0	0
Q06350	0	0	0	0	0	0	0	0
P29029	0	0	0	0	0	0	0	0
P38698	0	0	0	0	0	0	0	0
Q04119	0	0	0	0	0	0	0	0
P38995	0	0	0	0	0	0	0	0
P49954	0	0	0	0	0	0	0	0
P39979	0	0	0	0	0	0	0	0